# Time(ns)	Amplitude
0.00 0.24
1.01 0.36
2.02 0.47
3.03 0.18
4.03 0.13
5.04 -0.15
6.05 0.37
7.06 0.12
8.07 0.53
9.08 0.54
10.08 0.45
11.09 0.25
12.10 0.44
13.11 0.16
14.12 0.56
15.13 0.39
16.13 0.21
17.14 -0.09
18.15 0.13
19.16 0.75
20.17 0.37
21.18 -0.18
22.18 0.04
23.19 0.50
24.20 -0.13
25.21 0.07
26.22 0.33
27.23 2.40
28.24 4.80
29.24 5.26
30.25 5.34
31.26 5.10
32.27 4.65
33.28 4.15
34.29 3.69
35.29 3.51
36.30 3.49
37.31 2.59
38.32 2.04
39.33 2.11
40.34 2.14
41.34 1.75
42.35 1.60
43.36 1.30
44.37 1.42
45.38 1.07
46.39 0.82
47.39 1.14
48.40 0.73
49.41 0.65
50.42 0.49
51.43 0.94
52.44 0.20
53.45 0.44
54.45 0.73
55.46 0.00
56.47 0.60
57.48 -0.06
58.49 0.23
59.50 0.54
60.50 0.53
61.51 0.22
62.52 0.51
63.53 0.04
64.54 0.24
65.55 0.12
66.55 -0.03
67.56 -0.21
68.57 0.00
69.58 0.48
70.59 0.67
71.60 0.21
72.61 2.51
73.61 3.84
74.62 4.18
75.63 4.38
76.64 4.16
77.65 4.27
78.66 3.73
79.66 3.26
80.67 2.95
81.68 2.75
82.69 6.30
83.70 8.62
84.71 7.31
85.71 6.45
86.72 5.87
87.73 7.56
88.74 11.28
89.75 13.08
90.76 13.06
91.76 12.07
92.77 11.29
93.78 10.03
94.79 7.86
95.80 9.02
96.81 9.39
97.82 9.46
98.82 8.79
99.83 8.73
100.84 7.55
101.85 7.19
102.86 6.57
103.87 5.85
104.87 5.88
105.88 4.55
106.89 4.31
107.90 3.70
108.91 3.12
109.92 2.74
110.92 2.36
111.93 2.01
112.94 1.38
113.95 0.99
114.96 0.64
115.97 0.16
116.97 0.36
117.98 0.05
118.99 -0.48
120.00 -0.09
