# Time(ns)	Amplitude
0.00 0.19
1.01 0.42
2.02 0.32
3.03 -0.28
4.03 0.06
5.04 0.03
6.05 0.24
7.06 -0.28
8.07 0.22
9.08 0.18
10.08 -0.01
11.09 0.14
12.10 0.47
13.11 0.22
14.12 3.46
15.13 5.94
16.13 7.00
17.14 7.83
18.15 7.78
19.16 7.28
20.17 6.75
21.18 6.07
22.18 5.56
23.19 4.92
24.20 4.12
25.21 3.17
26.22 0.83
27.23 0.24
28.24 0.00
29.24 0.45
30.25 1.05
31.26 1.03
32.27 1.42
33.28 1.00
34.29 0.91
35.29 0.07
36.30 -0.58
37.31 4.82
38.32 8.57
39.33 9.44
40.34 9.26
41.34 8.55
42.35 8.40
43.36 6.55
44.37 5.47
45.38 4.63
46.39 3.55
47.39 2.54
48.40 2.47
49.41 2.60
50.42 6.47
51.43 7.90
52.44 7.80
53.45 7.15
54.45 7.09
55.46 6.73
56.47 5.48
57.48 5.06
58.49 4.70
59.50 4.37
60.50 4.09
61.51 3.91
62.52 3.64
63.53 3.27
64.54 2.07
65.55 2.24
66.55 1.54
67.56 1.69
68.57 1.77
69.58 1.04
70.59 0.51
71.60 0.66
72.61 0.00
73.61 0.05
74.62 0.57
75.63 0.02
76.64 -0.23
77.65 -0.36
78.66 -0.69
79.66 2.33
80.67 3.20
81.68 4.09
82.69 4.53
83.70 3.66
84.71 2.95
85.71 3.39
86.72 3.07
87.73 2.67
88.74 2.39
89.75 2.12
90.76 2.00
91.76 1.75
92.77 1.99
93.78 1.71
94.79 1.69
95.80 1.10
96.81 0.88
97.82 1.29
98.82 0.85
99.83 0.71
100.84 0.65
101.85 0.14
102.86 0.08
103.87 0.08
104.87 0.43
105.88 0.47
106.89 0.53
107.90 0.21
108.91 0.38
109.92 0.38
110.92 0.13
111.93 0.32
112.94 0.61
113.95 0.30
114.96 0.41
115.97 -0.24
116.97 0.14
117.98 0.19
118.99 -0.09
120.00 0.07
