# Time(ns)	Amplitude
0.00 0.30
1.01 0.65
2.02 0.48
3.03 0.45
4.03 -0.09
5.04 0.35
6.05 0.17
7.06 0.17
8.07 0.37
9.08 0.32
10.08 0.62
11.09 -0.05
12.10 0.19
13.11 0.57
14.12 0.35
15.13 0.98
16.13 0.34
17.14 0.21
18.15 0.39
19.16 0.17
20.17 -0.36
21.18 0.18
22.18 -0.40
23.19 0.46
24.20 0.93
25.21 0.60
26.22 0.73
27.23 0.86
28.24 0.57
29.24 0.69
30.25 0.83
31.26 0.89
32.27 1.08
33.28 0.69
34.29 0.54
35.29 0.96
36.30 -0.28
37.31 -0.29
38.32 -0.19
39.33 1.89
40.34 3.65
41.34 4.85
42.35 4.41
43.36 4.77
44.37 3.79
45.38 3.69
46.39 3.60
47.39 2.77
48.40 3.35
49.41 2.80
50.42 1.52
51.43 0.71
52.44 0.73
53.45 -0.23
54.45 0.00
55.46 2.10
56.47 2.77
57.48 2.94
58.49 2.79
59.50 3.20
60.50 2.94
61.51 2.62
62.52 3.07
63.53 2.20
64.54 2.52
65.55 1.93
66.55 1.60
67.56 1.51
68.57 1.29
69.58 1.48
70.59 1.11
71.60 0.38
72.61 0.79
73.61 1.04
74.62 0.72
75.63 1.04
76.64 0.61
77.65 0.46
78.66 0.55
79.66 0.52
80.67 0.23
81.68 -0.14
82.69 0.74
83.70 0.14
84.71 -0.24
85.71 0.19
86.72 0.22
87.73 -0.09
88.74 0.00
89.75 0.11
90.76 0.07
91.76 4.13
92.77 6.64
93.78 8.08
94.79 8.43
95.80 7.62
96.81 7.87
97.82 9.40
98.82 12.67
99.83 13.72
100.84 13.49
101.85 13.30
102.86 12.38
103.87 6.78
104.87 5.83
105.88 4.97
106.89 3.30
107.90 3.35
108.91 4.22
109.92 4.50
110.92 4.75
111.93 4.33
112.94 3.26
113.95 2.69
114.96 1.99
115.97 1.35
116.97 0.14
117.98 -0.48
118.99 0.28
120.00 -0.64
