# Time(ns)	Amplitude
0.00 0.69
1.01 0.33
2.02 0.06
3.03 0.24
4.03 0.34
5.04 -0.53
6.05 0.28
7.06 0.48
8.07 0.64
9.08 0.42
10.08 0.05
11.09 0.33
12.10 -0.27
13.11 0.14
14.12 0.42
15.13 0.63
16.13 6.45
17.14 9.29
18.15 11.45
19.16 10.90
20.17 10.81
21.18 9.97
22.18 9.68
23.19 8.76
24.20 7.63
25.21 7.69
26.22 6.01
27.23 5.55
28.24 4.57
29.24 3.16
30.25 2.29
31.26 2.37
32.27 2.78
33.28 2.00
34.29 1.86
35.29 2.10
36.30 2.08
37.31 1.83
38.32 1.61
39.33 1.07
40.34 0.59
41.34 1.08
42.35 1.20
43.36 1.34
44.37 1.18
45.38 0.84
46.39 0.28
47.39 0.78
48.40 0.22
49.41 0.25
50.42 -0.06
51.43 0.53
52.44 0.41
53.45 0.00
54.45 0.16
55.46 0.25
56.47 0.41
57.48 0.11
58.49 0.49
59.50 -0.21
60.50 -0.02
61.51 0.09
62.52 2.82
63.53 3.69
64.54 4.24
65.55 3.77
66.55 3.67
67.56 3.75
68.57 4.51
69.58 6.83
70.59 8.02
71.60 7.87
72.61 7.34
73.61 6.50
74.62 4.16
75.63 2.42
76.64 2.01
77.65 1.43
78.66 0.49
79.66 0.29
80.67 -0.05
81.68 -0.25
82.69 -0.56
83.70 1.38
84.71 2.52
85.71 3.05
86.72 3.39
87.73 3.23
88.74 2.90
89.75 2.13
90.76 1.27
91.76 6.40
92.77 10.34
93.78 10.81
94.79 10.18
95.80 9.93
96.81 9.16
97.82 8.65
98.82 7.95
99.83 7.69
100.84 6.47
101.85 5.64
102.86 4.61
103.87 4.55
104.87 3.59
105.88 3.57
106.89 3.23
107.90 2.80
108.91 2.06
109.92 1.66
110.92 1.18
111.93 1.24
112.94 0.29
113.95 0.40
114.96 0.60
115.97 0.51
116.97 0.08
117.98 0.13
118.99 -0.23
120.00 -0.19
