# Time(ns)	Amplitude
0.00 0.08
1.01 0.34
2.02 0.48
3.03 -0.06
4.03 0.37
5.04 0.41
6.05 0.51
7.06 0.56
8.07 0.50
9.08 0.71
10.08 0.21
11.09 0.42
12.10 0.16
13.11 -0.06
14.12 0.52
15.13 -0.08
16.13 0.00
17.14 0.29
18.15 0.62
19.16 0.17
20.17 0.11
21.18 0.69
22.18 5.40
23.19 9.13
24.20 10.71
25.21 10.05
26.22 9.97
27.23 10.11
28.24 12.45
29.24 12.76
30.25 12.54
31.26 11.69
32.27 13.57
33.28 17.49
34.29 16.40
35.29 17.21
36.30 17.50
37.31 16.57
38.32 15.50
39.33 14.86
40.34 13.82
41.34 12.94
42.35 11.34
43.36 10.12
44.37 9.61
45.38 7.96
46.39 7.11
47.39 6.69
48.40 6.15
49.41 5.33
50.42 5.29
51.43 3.99
52.44 3.78
53.45 2.98
54.45 2.35
55.46 2.41
56.47 1.78
57.48 1.06
58.49 1.63
59.50 0.74
60.50 0.37
61.51 0.05
62.52 -0.17
63.53 0.00
64.54 -0.42
65.55 -0.47
66.55 2.42
67.56 6.64
68.57 8.52
69.58 9.21
70.59 8.78
71.60 8.22
72.61 7.77
73.61 6.64
74.62 6.00
75.63 5.52
76.64 4.82
77.65 4.19
78.66 3.71
79.66 3.97
80.67 3.21
81.68 3.22
82.69 3.04
83.70 2.31
84.71 1.46
85.71 2.04
86.72 1.62
87.73 1.70
88.74 1.33
89.75 1.18
90.76 0.59
91.76 1.31
92.77 1.03
93.78 0.65
94.79 0.39
95.80 1.19
96.81 0.81
97.82 0.66
98.82 0.90
99.83 0.55
100.84 0.91
101.85 0.40
102.86 0.46
103.87 0.79
104.87 0.15
105.88 -0.21
106.89 1.03
107.90 0.36
108.91 0.62
109.92 0.57
110.92 0.08
111.93 0.02
112.94 0.52
113.95 0.21
114.96 0.34
115.97 0.37
116.97 0.19
117.98 -0.33
118.99 0.07
120.00 0.20
