# Time(ns)	Amplitude
0.00 0.61
1.01 1.08
2.02 -0.20
3.03 0.01
4.03 0.00
5.04 0.06
6.05 -0.01
7.06 2.77
8.07 5.90
9.08 6.70
10.08 7.01
11.09 7.11
12.10 6.12
13.11 5.89
14.12 5.89
15.13 5.34
16.13 4.78
17.14 4.17
18.15 4.02
19.16 2.96
20.17 2.82
21.18 2.14
22.18 2.04
23.19 1.11
24.20 1.47
25.21 1.01
26.22 0.83
27.23 1.14
28.24 1.46
29.24 0.24
30.25 0.84
31.26 0.80
32.27 1.06
33.28 0.69
34.29 0.23
35.29 0.20
36.30 0.20
37.31 0.27
38.32 -0.20
39.33 -0.33
40.34 0.05
41.34 0.00
42.35 -0.46
43.36 1.54
44.37 2.04
45.38 2.73
46.39 2.72
47.39 2.77
48.40 3.10
49.41 2.21
50.42 2.30
51.43 1.99
52.44 1.41
53.45 1.28
54.45 4.68
55.46 8.12
56.47 8.76
57.48 9.25
58.49 8.83
59.50 8.25
60.50 6.70
61.51 6.32
62.52 4.99
63.53 8.27
64.54 12.63
65.55 14.45
66.55 12.91
67.56 12.35
68.57 10.56
69.58 9.61
70.59 8.96
71.60 8.48
72.61 7.83
73.61 7.34
74.62 5.93
75.63 6.08
76.64 5.52
77.65 4.98
78.66 3.85
79.66 4.15
80.67 3.58
81.68 3.47
82.69 2.84
83.70 2.39
84.71 2.08
85.71 1.86
86.72 1.54
87.73 1.32
88.74 1.07
89.75 0.64
90.76 1.13
91.76 1.07
92.77 0.21
93.78 0.56
94.79 -0.78
95.80 -0.08
96.81 0.10
97.82 0.43
98.82 -0.07
99.83 0.00
100.84 0.23
101.85 0.83
102.86 1.57
103.87 2.49
104.87 2.62
105.88 3.16
106.89 2.51
107.90 2.01
108.91 2.14
109.92 2.27
110.92 1.76
111.93 1.50
112.94 1.44
113.95 0.99
114.96 1.15
115.97 0.32
116.97 0.11
117.98 0.34
118.99 -0.34
120.00 -0.49
