# Time(ns)	Amplitude
0.00 -0.06
1.01 0.23
2.02 -0.16
3.03 0.31
4.03 0.01
5.04 0.41
6.05 3.43
7.06 5.17
8.07 6.45
9.08 6.30
10.08 5.84
11.09 5.73
12.10 5.28
13.11 4.89
14.12 4.51
15.13 3.69
16.13 3.42
17.14 2.48
18.15 2.37
19.16 1.85
20.17 1.53
21.18 1.71
22.18 1.06
23.19 1.02
24.20 0.82
25.21 1.00
26.22 0.66
27.23 0.40
28.24 0.00
29.24 0.26
30.25 0.34
31.26 0.35
32.27 -0.03
33.28 0.73
34.29 0.12
35.29 0.63
36.30 0.37
37.31 0.45
38.32 -0.07
39.33 0.17
40.34 -0.04
41.34 2.44
42.35 2.95
43.36 2.73
44.37 2.95
45.38 2.82
46.39 2.29
47.39 2.44
48.40 1.86
49.41 1.10
50.42 1.41
51.43 1.42
52.44 1.06
53.45 4.57
54.45 8.47
55.46 9.79
56.47 9.84
57.48 9.81
58.49 9.67
59.50 8.39
60.50 7.21
61.51 6.52
62.52 5.57
63.53 4.96
64.54 3.81
65.55 2.49
66.55 4.19
67.56 3.54
68.57 3.99
69.58 3.51
70.59 3.48
71.60 2.68
72.61 2.86
73.61 2.44
74.62 2.88
75.63 4.64
76.64 5.81
77.65 5.69
78.66 6.16
79.66 5.39
80.67 4.50
81.68 3.84
82.69 4.84
83.70 4.03
84.71 2.85
85.71 3.20
86.72 2.84
87.73 2.69
88.74 1.94
89.75 1.98
90.76 1.76
91.76 1.58
92.77 1.73
93.78 1.56
94.79 1.07
95.80 0.69
96.81 1.00
97.82 0.74
98.82 0.83
99.83 1.00
100.84 0.83
101.85 0.77
102.86 0.70
103.87 0.35
104.87 0.65
105.88 0.12
106.89 0.52
107.90 0.31
108.91 0.62
109.92 0.11
110.92 0.66
111.93 0.50
112.94 0.21
113.95 -0.01
114.96 0.21
115.97 0.33
116.97 0.00
117.98 0.34
118.99 0.14
120.00 -0.37
