# Time(ns)	Amplitude
0.00 0.57
1.01 0.22
2.02 -0.18
3.03 0.49
4.03 0.27
5.04 0.10
6.05 0.63
7.06 -0.62
8.07 -0.03
9.08 2.06
10.08 3.41
11.09 3.75
12.10 3.26
13.11 3.71
14.12 3.44
15.13 3.29
16.13 3.08
17.14 2.51
18.15 2.22
19.16 1.65
20.17 1.17
21.18 1.53
22.18 1.14
23.19 1.42
24.20 1.08
25.21 0.82
26.22 1.03
27.23 0.47
28.24 0.51
29.24 0.33
30.25 0.68
31.26 0.76
32.27 0.74
33.28 0.74
34.29 0.20
35.29 0.50
36.30 0.59
37.31 0.07
38.32 -0.33
39.33 0.30
40.34 0.04
41.34 -0.31
42.35 0.16
43.36 -0.06
44.37 0.00
45.38 1.07
46.39 7.00
47.39 9.85
48.40 10.27
49.41 10.72
50.42 10.10
51.43 9.68
52.44 9.16
53.45 8.41
54.45 7.57
55.46 6.67
56.47 6.43
57.48 4.32
58.49 2.23
59.50 2.14
60.50 1.57
61.51 0.82
62.52 0.64
63.53 0.21
64.54 0.12
65.55 -0.11
66.55 -0.29
67.56 -0.06
68.57 0.69
69.58 2.48
70.59 3.68
71.60 3.78
72.61 2.83
73.61 2.84
74.62 2.41
75.63 2.50
76.64 1.99
77.65 1.67
78.66 1.26
79.66 0.11
80.67 0.16
81.68 -0.24
82.69 4.15
83.70 6.33
84.71 8.32
85.71 7.77
86.72 8.09
87.73 6.96
88.74 6.16
89.75 5.94
90.76 5.59
91.76 4.41
92.77 3.88
93.78 3.92
94.79 3.05
95.80 2.42
96.81 2.66
97.82 1.97
98.82 1.39
99.83 0.93
100.84 1.26
101.85 0.98
102.86 0.35
103.87 0.00
104.87 -0.27
105.88 0.35
106.89 -0.64
107.90 -0.27
108.91 0.16
109.92 0.60
110.92 3.41
111.93 5.37
112.94 5.78
113.95 5.62
114.96 4.99
115.97 4.69
116.97 4.15
117.98 3.80
118.99 2.57
120.00 2.26
