# Time(ns)	Amplitude
0.00 0.34
1.01 0.29
2.02 0.19
3.03 0.07
4.03 0.03
5.04 0.12
6.05 0.07
7.06 -0.12
8.07 -0.06
9.08 0.41
10.08 -0.01
11.09 0.36
12.10 0.39
13.11 1.45
14.12 4.82
15.13 5.90
16.13 6.53
17.14 6.15
18.15 6.13
19.16 6.12
20.17 5.31
21.18 4.89
22.18 4.41
23.19 4.24
24.20 3.46
25.21 2.15
26.22 0.79
27.23 -0.60
28.24 -0.19
29.24 6.08
30.25 8.62
31.26 10.12
32.27 9.81
33.28 8.75
34.29 7.40
35.29 7.02
36.30 6.55
37.31 5.92
38.32 4.96
39.33 4.52
40.34 4.54
41.34 3.95
42.35 4.17
43.36 3.62
44.37 3.14
45.38 2.66
46.39 2.71
47.39 2.35
48.40 2.45
49.41 2.13
50.42 1.67
51.43 1.60
52.44 1.09
53.45 0.67
54.45 1.12
55.46 0.83
56.47 0.94
57.48 0.48
58.49 0.88
59.50 0.95
60.50 0.63
61.51 0.61
62.52 0.52
63.53 0.83
64.54 0.86
65.55 0.78
66.55 0.76
67.56 0.03
68.57 0.08
69.58 0.34
70.59 0.42
71.60 0.30
72.61 0.26
73.61 0.13
74.62 0.32
75.63 0.43
76.64 0.69
77.65 0.11
78.66 0.18
79.66 -0.06
80.67 0.19
81.68 0.22
82.69 -0.47
83.70 0.02
84.71 0.00
85.71 0.57
86.72 -0.55
87.73 0.81
88.74 0.07
89.75 0.05
90.76 0.16
91.76 1.00
92.77 4.59
93.78 6.65
94.79 6.99
95.80 7.01
96.81 6.78
97.82 7.10
98.82 6.29
99.83 7.42
100.84 7.67
101.85 13.65
102.86 15.97
103.87 16.27
104.87 12.97
105.88 11.16
106.89 9.72
107.90 8.54
108.91 7.32
109.92 6.47
110.92 4.84
111.93 3.67
112.94 2.93
113.95 2.34
114.96 1.58
115.97 0.29
116.97 0.11
117.98 0.38
118.99 -0.34
120.00 -0.95
