# Time(ns)	Amplitude
0.00 0.01
1.01 -0.05
2.02 0.98
3.03 0.74
4.03 0.44
5.04 0.96
6.05 0.18
7.06 0.80
8.07 0.29
9.08 0.24
10.08 0.31
11.09 0.23
12.10 0.32
13.11 0.33
14.12 -0.02
15.13 0.43
16.13 0.03
17.14 0.15
18.15 0.26
19.16 0.20
20.17 -0.22
21.18 0.23
22.18 0.08
23.19 0.52
24.20 0.41
25.21 0.06
26.22 0.42
27.23 0.58
28.24 0.50
29.24 0.28
30.25 0.25
31.26 0.31
32.27 -0.14
33.28 3.36
34.29 8.43
35.29 10.03
36.30 11.74
37.31 12.96
38.32 13.58
39.33 12.90
40.34 12.59
41.34 11.16
42.35 10.28
43.36 9.60
44.37 8.34
45.38 5.86
46.39 5.11
47.39 4.52
48.40 3.80
49.41 3.10
50.42 2.65
51.43 2.11
52.44 1.47
53.45 1.21
54.45 0.39
55.46 0.35
56.47 0.00
57.48 0.22
58.49 -0.63
59.50 -0.45
60.50 -0.57
61.51 1.20
62.52 3.55
63.53 4.16
64.54 4.92
65.55 4.88
66.55 3.94
67.56 3.88
68.57 3.39
69.58 3.63
70.59 2.77
71.60 2.66
72.61 2.45
73.61 2.68
74.62 2.01
75.63 1.78
76.64 1.84
77.65 1.76
78.66 1.33
79.66 1.07
80.67 1.35
81.68 1.32
82.69 0.93
83.70 1.04
84.71 0.36
85.71 0.42
86.72 0.00
87.73 0.30
88.74 0.25
89.75 0.17
90.76 -0.27
91.76 0.45
92.77 -0.03
93.78 0.56
94.79 -0.18
95.80 0.03
96.81 0.42
97.82 0.79
98.82 2.99
99.83 4.24
100.84 4.81
101.85 3.83
102.86 4.01
103.87 8.09
104.87 12.13
105.88 13.67
106.89 13.23
107.90 12.54
108.91 11.97
109.92 10.84
110.92 8.76
111.93 6.29
112.94 5.07
113.95 3.71
114.96 2.73
115.97 2.27
116.97 1.32
117.98 0.79
118.99 -0.42
120.00 -0.64
