# Time(ns)	Amplitude
0.00 0.35
1.01 0.33
2.02 0.80
3.03 0.40
4.03 0.04
5.04 0.52
6.05 0.30
7.06 0.81
8.07 0.33
9.08 0.10
10.08 -0.14
11.09 -0.10
12.10 0.50
13.11 0.65
14.12 0.46
15.13 0.26
16.13 0.57
17.14 0.83
18.15 0.07
19.16 0.68
20.17 -0.16
21.18 0.43
22.18 0.27
23.19 0.12
24.20 4.49
25.21 9.16
26.22 11.35
27.23 11.22
28.24 10.99
29.24 10.49
30.25 9.65
31.26 8.79
32.27 8.47
33.28 6.96
34.29 6.05
35.29 5.92
36.30 2.23
37.31 0.50
38.32 0.04
39.33 -0.34
40.34 -0.85
41.34 0.54
42.35 4.03
43.36 6.15
44.37 6.00
45.38 5.90
46.39 5.16
47.39 4.13
48.40 3.86
49.41 3.58
50.42 2.91
51.43 2.53
52.44 1.80
53.45 1.12
54.45 0.98
55.46 0.49
56.47 0.00
57.48 -0.73
58.49 -0.88
59.50 -1.13
60.50 0.25
61.51 5.37
62.52 6.95
63.53 7.70
64.54 8.05
65.55 7.24
66.55 11.65
67.56 15.13
68.57 15.57
69.58 14.55
70.59 13.63
71.60 12.17
72.61 11.04
73.61 10.09
74.62 8.99
75.63 8.05
76.64 7.01
77.65 6.54
78.66 5.73
79.66 4.24
80.67 4.55
81.68 3.70
82.69 2.89
83.70 2.76
84.71 2.34
85.71 1.66
86.72 1.56
87.73 0.86
88.74 0.50
89.75 0.30
90.76 -0.13
91.76 0.25
92.77 0.00
93.78 -0.83
94.79 -0.30
95.80 0.96
96.81 5.25
97.82 6.46
98.82 6.72
99.83 6.88
100.84 6.68
101.85 6.10
102.86 5.65
103.87 5.23
104.87 4.44
105.88 3.95
106.89 3.48
107.90 2.63
108.91 2.83
109.92 2.06
110.92 1.87
111.93 1.07
112.94 0.68
113.95 0.48
114.96 0.67
115.97 -0.02
116.97 0.05
117.98 0.01
118.99 -0.26
120.00 0.04
