# Time(ns)	Amplitude
0.00 0.55
1.01 0.81
2.02 0.45
3.03 0.00
4.03 -0.10
5.04 0.09
6.05 0.16
7.06 0.83
8.07 0.03
9.08 -0.04
10.08 0.38
11.09 0.22
12.10 0.59
13.11 0.30
14.12 0.54
15.13 0.69
16.13 2.04
17.14 4.07
18.15 5.65
19.16 5.99
20.17 5.48
21.18 5.26
22.18 4.51
23.19 4.32
24.20 3.63
25.21 3.98
26.22 2.96
27.23 2.84
28.24 2.57
29.24 1.90
30.25 2.19
31.26 1.17
32.27 1.54
33.28 1.00
34.29 1.30
35.29 0.15
36.30 0.27
37.31 0.14
38.32 0.29
39.33 -0.32
40.34 0.48
41.34 -0.07
42.35 0.00
43.36 -0.57
44.37 0.09
45.38 5.23
46.39 7.17
47.39 10.16
48.40 11.46
49.41 10.83
50.42 10.30
51.43 9.64
52.44 8.34
53.45 8.15
54.45 7.87
55.46 6.68
56.47 5.28
57.48 3.52
58.49 5.53
59.50 5.54
60.50 4.84
61.51 4.92
62.52 4.35
63.53 4.22
64.54 4.22
65.55 3.80
66.55 3.01
67.56 3.14
68.57 3.00
69.58 2.51
70.59 2.03
71.60 1.77
72.61 1.69
73.61 1.50
74.62 1.90
75.63 1.92
76.64 1.06
77.65 0.95
78.66 1.37
79.66 0.83
80.67 0.78
81.68 0.83
82.69 0.17
83.70 0.63
84.71 0.29
85.71 0.87
86.72 0.99
87.73 0.03
88.74 0.00
89.75 -0.15
90.76 0.06
91.76 -0.23
92.77 -0.48
93.78 0.00
94.79 4.95
95.80 7.78
96.81 8.62
97.82 8.62
98.82 8.39
99.83 7.96
100.84 6.60
101.85 6.27
102.86 5.85
103.87 5.02
104.87 4.64
105.88 4.10
106.89 3.45
107.90 2.34
108.91 2.24
109.92 1.50
110.92 1.59
111.93 1.50
112.94 0.81
113.95 0.43
114.96 0.91
115.97 0.02
116.97 -0.07
117.98 0.33
118.99 -0.24
120.00 0.05
