# Time(ns)	Amplitude
0.00 0.28
1.01 0.41
2.02 0.19
3.03 0.05
4.03 0.62
5.04 0.00
6.05 0.70
7.06 0.35
8.07 0.27
9.08 0.12
10.08 0.60
11.09 0.11
12.10 0.55
13.11 -0.08
14.12 -0.09
15.13 0.02
16.13 0.23
17.14 0.57
18.15 0.29
19.16 0.03
20.17 0.38
21.18 2.46
22.18 7.86
23.19 10.81
24.20 11.86
25.21 11.24
26.22 17.53
27.23 20.11
28.24 20.60
29.24 20.11
30.25 18.43
31.26 16.85
32.27 16.09
33.28 12.50
34.29 9.57
35.29 8.53
36.30 7.33
37.31 6.53
38.32 6.20
39.33 4.76
40.34 5.07
41.34 4.17
42.35 4.25
43.36 3.30
44.37 2.76
45.38 3.10
46.39 2.01
47.39 2.29
48.40 1.89
49.41 1.95
50.42 1.67
51.43 1.51
52.44 1.13
53.45 0.67
54.45 0.52
55.46 0.00
56.47 0.36
57.48 0.25
58.49 -0.71
59.50 -0.15
60.50 -0.11
61.51 3.01
62.52 6.60
63.53 8.45
64.54 9.34
65.55 9.12
66.55 8.79
67.56 8.21
68.57 7.38
69.58 6.59
70.59 5.82
71.60 4.93
72.61 4.60
73.61 4.00
74.62 3.29
75.63 2.85
76.64 2.85
77.65 2.41
78.66 2.01
79.66 1.92
80.67 1.56
81.68 1.93
82.69 0.72
83.70 1.10
84.71 1.25
85.71 1.13
86.72 0.88
87.73 0.57
88.74 0.69
89.75 -0.21
90.76 0.46
91.76 0.00
92.77 0.06
93.78 0.17
94.79 -0.31
95.80 0.00
96.81 5.13
97.82 8.94
98.82 10.19
99.83 10.41
100.84 10.11
101.85 12.49
102.86 14.38
103.87 14.13
104.87 13.26
105.88 12.23
106.89 11.40
107.90 10.94
108.91 8.76
109.92 6.13
110.92 4.30
111.93 3.48
112.94 2.74
113.95 2.01
114.96 1.39
115.97 1.03
116.97 0.04
117.98 0.50
118.99 -0.11
120.00 -1.04
