# Time(ns)	Amplitude
0.00 0.23
1.01 -0.04
2.02 0.25
3.03 0.05
4.03 0.67
5.04 0.24
6.05 0.21
7.06 0.40
8.07 -0.00
9.08 0.32
10.08 -0.09
11.09 0.14
12.10 0.02
13.11 0.00
14.12 0.33
15.13 5.70
16.13 8.46
17.14 9.45
18.15 10.16
19.16 9.03
20.17 8.99
21.18 8.53
22.18 7.75
23.19 6.66
24.20 6.25
25.21 5.99
26.22 5.14
27.23 3.48
28.24 3.00
29.24 3.08
30.25 2.70
31.26 2.66
32.27 1.88
33.28 2.28
34.29 1.97
35.29 2.01
36.30 1.29
37.31 0.84
38.32 1.40
39.33 0.80
40.34 0.82
41.34 0.68
42.35 0.64
43.36 0.83
44.37 0.37
45.38 0.19
46.39 0.30
47.39 0.25
48.40 0.04
49.41 0.71
50.42 0.30
51.43 -0.10
52.44 -0.06
53.45 0.26
54.45 0.23
55.46 0.00
56.47 0.05
57.48 -0.13
58.49 2.31
59.50 3.87
60.50 4.87
61.51 4.08
62.52 4.79
63.53 4.40
64.54 3.68
65.55 3.26
66.55 3.03
67.56 2.42
68.57 2.58
69.58 1.99
70.59 1.63
71.60 1.22
72.61 0.40
73.61 0.07
74.62 0.10
75.63 -0.32
76.64 -0.16
77.65 -0.50
78.66 0.00
79.66 2.14
80.67 2.54
81.68 2.35
82.69 2.41
83.70 2.64
84.71 1.94
85.71 1.78
86.72 0.99
87.73 1.03
88.74 0.07
89.75 0.48
90.76 2.08
91.76 4.55
92.77 5.69
93.78 5.47
94.79 5.35
95.80 4.75
96.81 4.63
97.82 3.60
98.82 3.24
99.83 2.65
100.84 2.60
101.85 1.69
102.86 1.58
103.87 1.64
104.87 0.64
105.88 0.04
106.89 -0.30
107.90 -0.47
108.91 -0.64
109.92 4.25
110.92 6.30
111.93 7.13
112.94 7.20
113.95 6.42
114.96 6.43
115.97 5.62
116.97 5.17
117.98 4.21
118.99 3.54
120.00 3.14
