# Time(ns)	Amplitude
0.00 -0.01
1.01 -0.06
2.02 0.03
3.03 0.00
4.03 0.28
5.04 0.19
6.05 0.18
7.06 0.47
8.07 0.50
9.08 0.68
10.08 0.55
11.09 0.00
12.10 0.50
13.11 4.20
14.12 7.39
15.13 8.81
16.13 8.46
17.14 8.73
18.15 7.95
19.16 7.67
20.17 6.47
21.18 6.11
22.18 5.50
23.19 4.39
24.20 4.75
25.21 7.38
26.22 8.95
27.23 9.63
28.24 9.34
29.24 8.34
30.25 8.07
31.26 7.68
32.27 7.47
33.28 6.45
34.29 6.00
35.29 5.37
36.30 4.76
37.31 4.19
38.32 3.61
39.33 2.74
40.34 3.29
41.34 2.83
42.35 2.54
43.36 1.56
44.37 2.06
45.38 1.72
46.39 1.65
47.39 1.35
48.40 0.96
49.41 1.22
50.42 1.40
51.43 0.81
52.44 1.42
53.45 0.79
54.45 0.69
55.46 0.95
56.47 0.60
57.48 0.05
58.49 0.13
59.50 0.12
60.50 0.00
61.51 0.24
62.52 -0.06
63.53 -0.12
64.54 0.02
65.55 -0.65
66.55 2.75
67.56 4.49
68.57 4.60
69.58 4.76
70.59 4.25
71.60 3.80
72.61 3.96
73.61 4.01
74.62 2.49
75.63 2.77
76.64 2.90
77.65 2.31
78.66 1.75
79.66 1.79
80.67 1.52
81.68 0.99
82.69 1.53
83.70 0.84
84.71 0.97
85.71 0.43
86.72 1.31
87.73 0.66
88.74 0.00
89.75 0.32
90.76 0.24
91.76 0.55
92.77 0.49
93.78 -0.27
94.79 -0.06
95.80 -0.08
96.81 0.27
97.82 4.06
98.82 5.79
99.83 6.56
100.84 7.31
101.85 12.29
102.86 14.32
103.87 14.78
104.87 14.59
105.88 13.16
106.89 12.37
107.90 10.96
108.91 9.94
109.92 7.18
110.92 5.13
111.93 3.87
112.94 2.39
113.95 1.99
114.96 1.07
115.97 0.71
116.97 0.73
117.98 -0.42
118.99 -0.37
120.00 0.30
