# Time(ns)	Amplitude
0.00 0.54
1.01 -0.27
2.02 0.39
3.03 0.20
4.03 0.15
5.04 0.25
6.05 0.15
7.06 -0.03
8.07 0.37
9.08 0.30
10.08 -0.10
11.09 4.56
12.10 8.16
13.11 10.62
14.12 10.44
15.13 10.48
16.13 9.46
17.14 9.45
18.15 8.40
19.16 6.84
20.17 6.71
21.18 6.06
22.18 11.38
23.19 11.35
24.20 11.12
25.21 10.81
26.22 9.76
27.23 8.97
28.24 8.31
29.24 7.25
30.25 6.54
31.26 5.78
32.27 5.35
33.28 4.54
34.29 3.42
35.29 3.15
36.30 2.98
37.31 1.71
38.32 1.06
39.33 1.44
40.34 0.79
41.34 0.47
42.35 0.59
43.36 -0.62
44.37 0.00
45.38 -0.83
46.39 -0.50
47.39 3.32
48.40 9.12
49.41 14.74
50.42 16.26
51.43 16.28
52.44 15.96
53.45 14.43
54.45 13.26
55.46 11.88
56.47 11.03
57.48 9.96
58.49 8.74
59.50 7.33
60.50 6.62
61.51 5.57
62.52 4.81
63.53 4.48
64.54 3.90
65.55 4.08
66.55 3.26
67.56 2.93
68.57 2.64
69.58 2.52
70.59 2.45
71.60 2.34
72.61 1.38
73.61 1.66
74.62 1.36
75.63 1.63
76.64 0.93
77.65 0.82
78.66 0.29
79.66 0.49
80.67 0.41
81.68 0.00
82.69 -0.13
83.70 -0.32
84.71 -0.17
85.71 0.05
86.72 2.59
87.73 3.67
88.74 4.24
89.75 4.51
90.76 4.23
91.76 3.80
92.77 3.94
93.78 3.10
94.79 2.56
95.80 2.87
96.81 1.86
97.82 2.15
98.82 2.68
99.83 1.29
100.84 1.23
101.85 1.34
102.86 1.26
103.87 0.94
104.87 1.01
105.88 1.13
106.89 1.27
107.90 0.80
108.91 0.14
109.92 0.84
110.92 0.38
111.93 0.69
112.94 0.55
113.95 0.46
114.96 0.00
115.97 0.39
116.97 -0.43
117.98 -0.03
118.99 0.36
120.00 0.03
