# Time(ns)	Amplitude
0.00 0.35
1.01 0.52
2.02 0.19
3.03 0.02
4.03 -0.17
5.04 -0.05
6.05 0.20
7.06 0.68
8.07 0.21
9.08 0.24
10.08 0.19
11.09 0.47
12.10 -0.01
13.11 0.02
14.12 0.41
15.13 1.38
16.13 4.84
17.14 6.47
18.15 6.96
19.16 6.61
20.17 6.07
21.18 5.81
22.18 5.36
23.19 4.45
24.20 4.46
25.21 3.73
26.22 3.05
27.23 2.02
28.24 3.92
29.24 8.33
30.25 9.04
31.26 9.41
32.27 8.53
33.28 8.50
34.29 7.35
35.29 6.10
36.30 4.64
37.31 4.38
38.32 4.24
39.33 2.62
40.34 2.30
41.34 1.88
42.35 4.29
43.36 4.99
44.37 5.55
45.38 6.22
46.39 6.15
47.39 5.92
48.40 5.82
49.41 5.11
50.42 4.16
51.43 4.57
52.44 3.91
53.45 3.81
54.45 3.25
55.46 2.98
56.47 2.86
57.48 2.74
58.49 2.28
59.50 1.59
60.50 1.61
61.51 1.73
62.52 0.80
63.53 0.83
64.54 1.40
65.55 0.97
66.55 0.79
67.56 0.38
68.57 0.74
69.58 0.69
70.59 0.84
71.60 0.67
72.61 1.20
73.61 0.41
74.62 0.75
75.63 0.67
76.64 0.69
77.65 0.12
78.66 0.17
79.66 1.11
80.67 0.70
81.68 0.81
82.69 0.33
83.70 0.69
84.71 0.30
85.71 -0.01
86.72 0.28
87.73 -0.45
88.74 0.70
89.75 0.00
90.76 0.61
91.76 0.05
92.77 0.38
93.78 0.26
94.79 -0.28
95.80 0.35
96.81 0.34
97.82 0.42
98.82 0.01
99.83 2.23
100.84 4.13
101.85 4.41
102.86 4.76
103.87 4.86
104.87 4.21
105.88 3.51
106.89 10.02
107.90 12.82
108.91 13.93
109.92 13.22
110.92 12.87
111.93 10.71
112.94 9.28
113.95 6.29
114.96 5.15
115.97 4.16
116.97 3.01
117.98 2.40
118.99 1.58
120.00 0.71
