# Time(ns)	Amplitude
0.00 0.31
1.01 -0.11
2.02 0.27
3.03 0.78
4.03 0.03
5.04 0.34
6.05 0.65
7.06 0.28
8.07 0.25
9.08 0.30
10.08 0.70
11.09 0.50
12.10 0.57
13.11 0.32
14.12 0.19
15.13 -0.09
16.13 0.27
17.14 0.11
18.15 0.34
19.16 0.30
20.17 0.37
21.18 0.16
22.18 0.00
23.19 -0.15
24.20 0.97
25.21 0.46
26.22 0.36
27.23 0.35
28.24 -0.10
29.24 0.08
30.25 0.28
31.26 0.00
32.27 0.88
33.28 0.40
34.29 0.77
35.29 0.23
36.30 2.24
37.31 7.05
38.32 9.78
39.33 16.40
40.34 18.50
41.34 19.45
42.35 18.81
43.36 17.90
44.37 16.14
45.38 14.67
46.39 12.87
47.39 11.77
48.40 8.98
49.41 4.69
50.42 2.54
51.43 2.06
52.44 1.37
53.45 0.35
54.45 0.80
55.46 0.00
56.47 1.22
57.48 5.50
58.49 6.29
59.50 6.58
60.50 6.58
61.51 6.38
62.52 6.22
63.53 5.45
64.54 5.38
65.55 4.33
66.55 4.27
67.56 3.57
68.57 3.90
69.58 2.92
70.59 2.99
71.60 2.76
72.61 2.20
73.61 2.18
74.62 1.44
75.63 1.74
76.64 1.51
77.65 1.79
78.66 1.53
79.66 1.05
80.67 0.93
81.68 1.26
82.69 0.77
83.70 1.08
84.71 0.50
85.71 0.48
86.72 0.89
87.73 0.72
88.74 0.36
89.75 0.43
90.76 0.39
91.76 0.04
92.77 0.18
93.78 0.35
94.79 0.30
95.80 -0.21
96.81 0.36
97.82 0.24
98.82 -0.37
99.83 0.00
100.84 -0.27
101.85 0.20
102.86 4.97
103.87 13.28
104.87 16.80
105.88 18.11
106.89 17.81
107.90 16.92
108.91 16.14
109.92 15.12
110.92 13.45
111.93 11.65
112.94 11.56
113.95 9.58
114.96 8.56
115.97 2.97
116.97 1.99
117.98 1.05
118.99 -0.54
120.00 -0.96
