# Time(ns)	Amplitude
0.00 -0.02
1.01 0.54
2.02 0.32
3.03 0.17
4.03 0.24
5.04 0.58
6.05 0.53
7.06 -0.21
8.07 0.86
9.08 0.06
10.08 0.84
11.09 0.24
12.10 0.27
13.11 0.13
14.12 0.51
15.13 0.22
16.13 0.79
17.14 1.01
18.15 0.37
19.16 0.26
20.17 0.24
21.18 -0.08
22.18 -0.12
23.19 0.55
24.20 0.05
25.21 0.34
26.22 -0.05
27.23 0.27
28.24 0.43
29.24 0.22
30.25 0.40
31.26 0.42
32.27 0.76
33.28 0.19
34.29 0.60
35.29 0.59
36.30 0.75
37.31 0.46
38.32 0.00
39.33 0.24
40.34 0.44
41.34 1.92
42.35 5.31
43.36 7.17
44.37 7.76
45.38 7.17
46.39 8.56
47.39 9.53
48.40 9.71
49.41 9.35
50.42 8.37
51.43 7.62
52.44 7.22
53.45 4.60
54.45 4.49
55.46 2.83
56.47 2.12
57.48 1.42
58.49 1.51
59.50 0.43
60.50 -0.09
61.51 0.70
62.52 0.00
63.53 -0.35
64.54 -0.76
65.55 2.40
66.55 6.67
67.56 8.97
68.57 9.36
69.58 8.70
70.59 8.09
71.60 7.42
72.61 7.12
73.61 6.24
74.62 5.43
75.63 4.90
76.64 3.92
77.65 3.55
78.66 3.52
79.66 2.80
80.67 1.48
81.68 0.99
82.69 0.53
83.70 0.28
84.71 0.00
85.71 0.14
86.72 -0.74
87.73 -0.85
88.74 -1.09
89.75 2.65
90.76 7.19
91.76 9.74
92.77 9.58
93.78 9.88
94.79 12.50
95.80 13.19
96.81 12.86
97.82 11.97
98.82 10.51
99.83 9.68
100.84 9.26
101.85 8.47
102.86 7.19
103.87 6.14
104.87 5.31
105.88 4.59
106.89 4.18
107.90 2.99
108.91 1.95
109.92 2.39
110.92 1.79
111.93 1.78
112.94 1.95
113.95 1.68
114.96 0.80
115.97 0.91
116.97 0.49
117.98 0.01
118.99 -0.09
120.00 -0.01
