# Time(ns)	Amplitude
0.00 0.00
1.01 0.21
2.02 0.22
3.03 0.02
4.03 0.70
5.04 0.75
6.05 0.61
7.06 0.12
8.07 -0.02
9.08 0.40
10.08 0.57
11.09 0.02
12.10 0.34
13.11 0.10
14.12 0.30
15.13 0.81
16.13 0.26
17.14 -0.09
18.15 0.39
19.16 0.07
20.17 0.00
21.18 0.54
22.18 0.78
23.19 0.27
24.20 0.40
25.21 -0.08
26.22 3.39
27.23 5.40
28.24 6.65
29.24 7.12
30.25 6.42
31.26 6.11
32.27 6.53
33.28 5.55
34.29 4.80
35.29 4.32
36.30 4.15
37.31 3.51
38.32 0.00
39.33 0.18
40.34 -0.18
41.34 0.00
42.35 1.91
43.36 5.35
44.37 6.11
45.38 6.47
46.39 6.01
47.39 5.90
48.40 5.71
49.41 5.19
50.42 4.49
51.43 4.92
52.44 3.64
53.45 3.49
54.45 3.11
55.46 3.10
56.47 2.51
57.48 2.45
58.49 1.85
59.50 1.91
60.50 1.46
61.51 1.12
62.52 0.66
63.53 0.58
64.54 0.78
65.55 0.00
66.55 0.58
67.56 0.02
68.57 -0.18
69.58 -0.50
70.59 -0.31
71.60 0.57
72.61 2.39
73.61 3.10
74.62 8.06
75.63 9.70
76.64 10.36
77.65 9.90
78.66 8.83
79.66 7.98
80.67 7.36
81.68 6.95
82.69 6.14
83.70 4.73
84.71 2.71
85.71 2.22
86.72 2.28
87.73 3.09
88.74 3.88
89.75 4.37
90.76 4.17
91.76 4.96
92.77 3.92
93.78 3.90
94.79 3.44
95.80 3.38
96.81 2.59
97.82 2.68
98.82 3.34
99.83 2.14
100.84 2.11
101.85 1.83
102.86 1.28
103.87 1.67
104.87 1.38
105.88 1.31
106.89 1.04
107.90 1.45
108.91 1.00
109.92 -0.04
110.92 0.77
111.93 0.09
112.94 0.11
113.95 -0.21
114.96 0.50
115.97 0.09
116.97 0.40
117.98 0.13
118.99 0.28
120.00 -0.05
