# Time(ns)	Amplitude
0.00 0.41
1.01 1.02
2.02 0.40
3.03 0.85
4.03 0.15
5.04 -0.16
6.05 1.07
7.06 0.21
8.07 0.17
9.08 0.25
10.08 0.34
11.09 0.17
12.10 0.48
13.11 0.22
14.12 -0.12
15.13 0.27
16.13 0.98
17.14 0.42
18.15 -0.29
19.16 0.18
20.17 0.19
21.18 -0.08
22.18 2.39
23.19 4.17
24.20 4.99
25.21 4.93
26.22 4.74
27.23 4.07
28.24 3.93
29.24 3.84
30.25 3.43
31.26 2.89
32.27 3.04
33.28 2.75
34.29 0.62
35.29 0.28
36.30 -0.19
37.31 -0.62
38.32 3.37
39.33 4.66
40.34 5.33
41.34 5.03
42.35 4.76
43.36 3.91
44.37 3.86
45.38 3.25
46.39 3.00
47.39 2.69
48.40 2.17
49.41 1.64
50.42 2.46
51.43 6.17
52.44 7.66
53.45 7.11
54.45 6.70
55.46 10.50
56.47 11.86
57.48 12.52
58.49 11.58
59.50 11.13
60.50 9.96
61.51 8.71
62.52 8.42
63.53 7.55
64.54 7.06
65.55 6.48
66.55 5.80
67.56 4.71
68.57 4.43
69.58 4.25
70.59 2.90
71.60 3.25
72.61 3.00
73.61 2.12
74.62 2.29
75.63 1.35
76.64 1.60
77.65 1.80
78.66 1.53
79.66 1.08
80.67 0.92
81.68 0.71
82.69 0.80
83.70 0.61
84.71 0.84
85.71 0.51
86.72 0.00
87.73 -0.15
88.74 -0.20
89.75 0.27
90.76 0.14
91.76 -0.07
92.77 0.50
93.78 2.35
94.79 2.37
95.80 3.27
96.81 2.78
97.82 2.68
98.82 1.89
99.83 1.89
100.84 2.05
101.85 1.30
102.86 1.80
103.87 1.45
104.87 0.81
105.88 1.03
106.89 1.17
107.90 0.84
108.91 0.87
109.92 0.53
110.92 0.55
111.93 0.52
112.94 -0.08
113.95 0.21
114.96 0.17
115.97 0.14
116.97 -0.15
117.98 0.18
118.99 0.02
120.00 0.14
