# Time(ns)	Amplitude
0.00 0.23
1.01 -0.10
2.02 -0.11
3.03 0.63
4.03 0.01
5.04 0.09
6.05 0.61
7.06 0.60
8.07 0.16
9.08 5.64
10.08 7.88
11.09 8.95
12.10 8.67
13.11 8.72
14.12 10.52
15.13 11.39
16.13 11.85
17.14 10.95
18.15 10.29
19.16 8.54
20.17 8.16
21.18 2.84
22.18 7.95
23.19 10.22
24.20 10.29
25.21 9.78
26.22 9.11
27.23 8.02
28.24 7.05
29.24 6.36
30.25 5.08
31.26 4.03
32.27 3.80
33.28 2.42
34.29 1.74
35.29 1.03
36.30 0.33
37.31 0.00
38.32 -0.41
39.33 -0.52
40.34 -1.23
41.34 2.68
42.35 6.84
43.36 7.17
44.37 11.39
45.38 13.22
46.39 12.73
47.39 13.11
48.40 11.92
49.41 10.46
50.42 9.34
51.43 8.82
52.44 7.83
53.45 6.80
54.45 6.12
55.46 5.47
56.47 5.23
57.48 5.48
58.49 4.53
59.50 3.63
60.50 2.86
61.51 3.07
62.52 2.66
63.53 2.16
64.54 2.51
65.55 1.53
66.55 2.15
67.56 1.37
68.57 1.19
69.58 1.05
70.59 1.01
71.60 1.09
72.61 0.89
73.61 1.02
74.62 1.20
75.63 1.17
76.64 0.94
77.65 1.03
78.66 0.61
79.66 -0.06
80.67 0.61
81.68 0.48
82.69 0.76
83.70 0.33
84.71 0.60
85.71 -0.22
86.72 0.32
87.73 0.59
88.74 0.52
89.75 0.76
90.76 0.38
91.76 0.98
92.77 0.08
93.78 0.36
94.79 0.45
95.80 0.71
96.81 0.51
97.82 0.27
98.82 0.77
99.83 0.19
100.84 0.06
101.85 -0.38
102.86 0.48
103.87 0.28
104.87 0.00
105.88 0.75
106.89 0.15
107.90 0.17
108.91 0.16
109.92 0.48
110.92 0.48
111.93 0.08
112.94 0.71
113.95 -0.20
114.96 0.70
115.97 0.55
116.97 0.62
117.98 -0.07
118.99 0.15
120.00 0.42
