# Time(ns)	Amplitude
0.00 0.34
1.01 0.69
2.02 -0.37
3.03 0.15
4.03 0.04
5.04 0.31
6.05 0.21
7.06 0.43
8.07 0.57
9.08 0.56
10.08 0.62
11.09 0.51
12.10 1.04
13.11 0.69
14.12 0.01
15.13 0.75
16.13 0.32
17.14 0.62
18.15 0.49
19.16 0.37
20.17 0.48
21.18 0.00
22.18 -0.38
23.19 0.28
24.20 -0.32
25.21 0.29
26.22 0.45
27.23 0.36
28.24 0.21
29.24 0.19
30.25 0.11
31.26 6.33
32.27 10.18
33.28 11.14
34.29 11.88
35.29 11.53
36.30 16.95
37.31 17.62
38.32 17.78
39.33 16.68
40.34 15.76
41.34 14.82
42.35 13.18
43.36 9.92
44.37 8.71
45.38 7.25
46.39 6.95
47.39 6.18
48.40 5.11
49.41 4.67
50.42 4.71
51.43 3.50
52.44 3.26
53.45 3.11
54.45 2.72
55.46 2.68
56.47 2.39
57.48 1.80
58.49 1.31
59.50 1.61
60.50 1.32
61.51 0.97
62.52 1.52
63.53 1.29
64.54 1.23
65.55 0.94
66.55 0.44
67.56 0.68
68.57 0.00
69.58 0.67
70.59 0.24
71.60 0.22
72.61 0.09
73.61 -0.14
74.62 0.24
75.63 -0.58
76.64 -0.26
77.65 1.35
78.66 5.55
79.66 7.83
80.67 10.14
81.68 10.55
82.69 10.03
83.70 10.02
84.71 8.84
85.71 7.96
86.72 7.76
87.73 7.02
88.74 6.67
89.75 4.12
90.76 2.23
91.76 1.14
92.77 0.59
93.78 0.83
94.79 0.57
95.80 0.25
96.81 2.16
97.82 4.34
98.82 3.91
99.83 3.77
100.84 3.51
101.85 3.89
102.86 2.79
103.87 3.33
104.87 2.58
105.88 2.28
106.89 1.94
107.90 1.79
108.91 1.84
109.92 1.06
110.92 0.92
111.93 1.29
112.94 0.81
113.95 0.53
114.96 0.40
115.97 0.63
116.97 0.30
117.98 -0.18
118.99 0.10
120.00 -0.30
