# Time(ns)	Amplitude
0.00 0.81
1.01 0.22
2.02 1.19
3.03 0.61
4.03 1.21
5.04 0.44
6.05 0.51
7.06 0.38
8.07 0.85
9.08 0.66
10.08 0.22
11.09 -0.34
12.10 0.02
13.11 0.07
14.12 0.47
15.13 0.09
16.13 -0.09
17.14 0.57
18.15 0.60
19.16 0.64
20.17 0.04
21.18 0.39
22.18 0.36
23.19 0.84
24.20 0.81
25.21 0.77
26.22 0.08
27.23 -0.09
28.24 0.04
29.24 0.65
30.25 3.24
31.26 8.18
32.27 9.76
33.28 10.43
34.29 10.61
35.29 9.67
36.30 8.45
37.31 8.00
38.32 6.82
39.33 6.08
40.34 5.90
41.34 5.92
42.35 4.34
43.36 3.49
44.37 2.94
45.38 2.40
46.39 2.22
47.39 1.94
48.40 2.04
49.41 1.64
50.42 1.61
51.43 1.62
52.44 0.86
53.45 1.30
54.45 1.46
55.46 0.86
56.47 1.24
57.48 0.74
58.49 0.09
59.50 1.02
60.50 1.00
61.51 0.12
62.52 0.00
63.53 0.19
64.54 0.15
65.55 0.27
66.55 0.49
67.56 0.08
68.57 0.18
69.58 -0.31
70.59 -0.09
71.60 -0.29
72.61 2.63
73.61 5.31
74.62 6.27
75.63 5.49
76.64 5.52
77.65 6.93
78.66 8.44
79.66 8.50
80.67 7.75
81.68 7.13
82.69 6.96
83.70 6.09
84.71 3.05
85.71 3.08
86.72 1.81
87.73 0.80
88.74 0.38
89.75 0.00
90.76 -0.71
91.76 -0.43
92.77 -0.10
93.78 1.98
94.79 3.64
95.80 2.26
96.81 2.62
97.82 2.83
98.82 1.77
99.83 1.31
100.84 6.02
101.85 9.63
102.86 10.49
103.87 10.23
104.87 9.04
105.88 8.59
106.89 7.80
107.90 7.16
108.91 5.57
109.92 4.49
110.92 3.77
111.93 3.31
112.94 2.67
113.95 1.97
114.96 1.68
115.97 1.29
116.97 0.52
117.98 0.00
118.99 0.00
120.00 -0.24
