# Time(ns)	Amplitude
0.00 0.04
1.01 0.24
2.02 -0.18
3.03 0.27
4.03 0.51
5.04 1.14
6.05 0.34
7.06 0.36
8.07 0.58
9.08 0.19
10.08 0.03
11.09 0.80
12.10 0.71
13.11 0.37
14.12 0.56
15.13 0.57
16.13 0.59
17.14 0.61
18.15 0.00
19.16 -0.21
20.17 -0.19
21.18 0.27
22.18 0.40
23.19 0.14
24.20 0.34
25.21 0.07
26.22 1.36
27.23 3.22
28.24 3.51
29.24 3.72
30.25 3.43
31.26 3.20
32.27 3.18
33.28 3.42
34.29 2.39
35.29 2.39
36.30 2.02
37.31 1.53
38.32 0.49
39.33 0.21
40.34 0.43
41.34 4.36
42.35 5.62
43.36 5.89
44.37 5.58
45.38 5.51
46.39 4.87
47.39 5.96
48.40 7.09
49.41 7.19
50.42 6.58
51.43 6.28
52.44 5.73
53.45 2.69
54.45 1.36
55.46 1.01
56.47 1.29
57.48 0.91
58.49 3.29
59.50 4.63
60.50 5.98
61.51 6.02
62.52 5.46
63.53 5.38
64.54 4.52
65.55 4.14
66.55 3.65
67.56 4.30
68.57 4.07
69.58 2.84
70.59 2.76
71.60 2.21
72.61 2.87
73.61 1.99
74.62 1.72
75.63 1.73
76.64 1.65
77.65 1.22
78.66 1.27
79.66 0.71
80.67 0.73
81.68 1.07
82.69 0.59
83.70 0.47
84.71 0.92
85.71 1.35
86.72 0.00
87.73 1.07
88.74 0.82
89.75 0.25
90.76 0.63
91.76 0.92
92.77 0.47
93.78 0.29
94.79 0.61
95.80 -0.46
96.81 -0.01
97.82 0.70
98.82 0.03
99.83 0.00
100.84 5.00
101.85 9.05
102.86 10.99
103.87 11.05
104.87 10.36
105.88 9.59
106.89 8.85
107.90 8.63
108.91 7.27
109.92 7.84
110.92 6.30
111.93 5.72
112.94 4.10
113.95 1.98
114.96 1.18
115.97 0.13
116.97 0.37
117.98 0.04
118.99 -0.07
120.00 -0.37
