# Time(ns)	Amplitude
0.00 -0.02
1.01 -0.06
2.02 0.01
3.03 0.44
4.03 0.44
5.04 0.28
6.05 0.80
7.06 0.34
8.07 3.85
9.08 4.47
10.08 5.37
11.09 5.13
12.10 4.92
13.11 4.68
14.12 4.35
15.13 3.76
16.13 3.71
17.14 3.40
18.15 7.60
19.16 8.53
20.17 6.97
21.18 6.73
22.18 6.52
23.19 5.58
24.20 4.91
25.21 4.53
26.22 4.19
27.23 4.40
28.24 4.15
29.24 3.71
30.25 2.86
31.26 2.78
32.27 2.43
33.28 1.91
34.29 1.70
35.29 1.56
36.30 0.85
37.31 0.85
38.32 0.80
39.33 0.47
40.34 0.00
41.34 -0.34
42.35 -0.49
43.36 0.24
44.37 -0.47
45.38 1.30
46.39 6.57
47.39 8.46
48.40 9.29
49.41 9.21
50.42 8.12
51.43 8.11
52.44 7.22
53.45 6.25
54.45 5.82
55.46 5.35
56.47 5.24
57.48 4.79
58.49 3.68
59.50 3.55
60.50 2.84
61.51 2.67
62.52 2.83
63.53 2.21
64.54 1.86
65.55 1.36
66.55 1.86
67.56 1.27
68.57 1.62
69.58 1.27
70.59 0.39
71.60 0.72
72.61 0.00
73.61 0.74
74.62 0.54
75.63 0.41
76.64 0.13
77.65 0.03
78.66 0.00
79.66 0.27
80.67 0.20
81.68 -0.53
82.69 -0.28
83.70 -0.14
84.71 6.89
85.71 9.76
86.72 11.74
87.73 10.69
88.74 10.98
89.75 9.44
90.76 9.53
91.76 8.51
92.77 8.03
93.78 7.41
94.79 6.17
95.80 5.21
96.81 1.49
97.82 0.77
98.82 0.44
99.83 0.33
100.84 2.58
101.85 5.20
102.86 5.94
103.87 6.39
104.87 5.46
105.88 4.86
106.89 4.52
107.90 4.37
108.91 2.82
109.92 2.54
110.92 2.26
111.93 1.51
112.94 1.36
113.95 0.88
114.96 0.16
115.97 -0.13
116.97 -0.37
117.98 0.06
118.99 0.06
120.00 0.09
