# Time(ns)	Amplitude
0.00 0.67
1.01 0.63
2.02 0.36
3.03 0.33
4.03 -0.11
5.04 0.04
6.05 0.45
7.06 0.13
8.07 0.36
9.08 0.18
10.08 -0.65
11.09 0.04
12.10 0.55
13.11 0.06
14.12 0.14
15.13 0.40
16.13 0.25
17.14 0.52
18.15 0.45
19.16 0.62
20.17 0.27
21.18 0.11
22.18 0.53
23.19 0.63
24.20 1.16
25.21 0.97
26.22 0.68
27.23 0.49
28.24 0.23
29.24 0.18
30.25 0.22
31.26 -0.10
32.27 0.16
33.28 0.22
34.29 -0.10
35.29 0.03
36.30 0.11
37.31 -0.11
38.32 0.51
39.33 0.00
40.34 0.31
41.34 5.06
42.35 7.90
43.36 10.89
44.37 12.17
45.38 12.35
46.39 12.25
47.39 11.77
48.40 10.36
49.41 9.20
50.42 8.82
51.43 7.81
52.44 7.05
53.45 5.73
54.45 4.95
55.46 3.95
56.47 3.52
57.48 3.41
58.49 3.22
59.50 2.62
60.50 2.35
61.51 2.60
62.52 2.22
63.53 1.99
64.54 1.33
65.55 1.73
66.55 1.20
67.56 1.81
68.57 0.93
69.58 0.88
70.59 0.14
71.60 0.44
72.61 0.00
73.61 0.25
74.62 -0.07
75.63 0.74
76.64 0.19
77.65 0.27
78.66 0.02
79.66 0.25
80.67 -0.04
81.68 0.22
82.69 -0.18
83.70 0.68
84.71 3.47
85.71 4.57
86.72 4.71
87.73 4.65
88.74 4.28
89.75 4.42
90.76 5.85
91.76 8.01
92.77 8.25
93.78 11.49
94.79 12.52
95.80 12.53
96.81 9.28
97.82 8.82
98.82 7.62
99.83 6.99
100.84 6.30
101.85 5.65
102.86 4.54
103.87 5.11
104.87 4.49
105.88 4.19
106.89 3.19
107.90 3.15
108.91 2.66
109.92 2.36
110.92 1.84
111.93 1.46
112.94 1.65
113.95 1.13
114.96 1.21
115.97 0.54
116.97 -0.35
117.98 0.06
118.99 0.16
120.00 -0.10
