# Time(ns)	Amplitude
0.00 0.57
1.01 0.02
2.02 0.32
3.03 0.26
4.03 0.14
5.04 0.30
6.05 0.64
7.06 -0.04
8.07 -0.08
9.08 0.34
10.08 0.06
11.09 0.00
12.10 0.15
13.11 0.27
14.12 0.26
15.13 0.73
16.13 0.67
17.14 0.15
18.15 0.22
19.16 0.47
20.17 0.38
21.18 0.07
22.18 0.01
23.19 0.05
24.20 0.64
25.21 0.47
26.22 0.20
27.23 0.21
28.24 0.20
29.24 0.13
30.25 0.22
31.26 0.18
32.27 -0.21
33.28 0.00
34.29 0.37
35.29 0.59
36.30 5.47
37.31 7.79
38.32 8.64
39.33 8.29
40.34 8.29
41.34 7.56
42.35 7.18
43.36 6.73
44.37 6.18
45.38 5.44
46.39 4.41
47.39 6.22
48.40 5.45
49.41 4.54
50.42 4.14
51.43 4.42
52.44 4.66
53.45 4.51
54.45 3.72
55.46 3.49
56.47 2.84
57.48 2.73
58.49 2.58
59.50 2.17
60.50 1.54
61.51 1.89
62.52 1.66
63.53 0.75
64.54 1.93
65.55 0.36
66.55 0.45
67.56 -0.05
68.57 0.16
69.58 0.66
70.59 0.01
71.60 0.38
72.61 0.24
73.61 0.00
74.62 0.07
75.63 0.16
76.64 -0.48
77.65 -0.74
78.66 1.65
79.66 7.35
80.67 10.29
81.68 10.84
82.69 10.26
83.70 10.21
84.71 11.63
85.71 12.44
86.72 11.84
87.73 12.31
88.74 10.87
89.75 9.95
90.76 7.80
91.76 1.94
92.77 2.26
93.78 7.24
94.79 9.71
95.80 11.15
96.81 10.60
97.82 10.53
98.82 9.64
99.83 8.61
100.84 7.94
101.85 7.37
102.86 6.83
103.87 6.24
104.87 5.18
105.88 4.54
106.89 4.74
107.90 3.45
108.91 3.59
109.92 2.13
110.92 2.03
111.93 1.86
112.94 1.55
113.95 1.01
114.96 0.37
115.97 0.38
116.97 -0.09
117.98 0.61
118.99 0.01
120.00 -0.02
