# Time(ns)	Amplitude
0.00 0.29
1.01 0.87
2.02 0.01
3.03 0.82
4.03 0.81
5.04 0.39
6.05 0.69
7.06 0.53
8.07 0.73
9.08 0.52
10.08 0.57
11.09 0.21
12.10 -0.01
13.11 0.23
14.12 0.31
15.13 1.13
16.13 0.93
17.14 -0.02
18.15 0.55
19.16 0.52
20.17 0.44
21.18 0.50
22.18 0.07
23.19 0.05
24.20 -0.23
25.21 0.22
26.22 0.66
27.23 0.18
28.24 0.69
29.24 0.39
30.25 0.61
31.26 0.33
32.27 0.05
33.28 0.13
34.29 -0.05
35.29 0.24
36.30 0.43
37.31 0.79
38.32 0.62
39.33 -0.05
40.34 0.43
41.34 0.17
42.35 0.08
43.36 0.00
44.37 0.56
45.38 0.31
46.39 0.00
47.39 1.89
48.40 3.95
49.41 4.96
50.42 5.36
51.43 5.00
52.44 9.21
53.45 12.72
54.45 13.55
55.46 13.68
56.47 12.89
57.48 11.73
58.49 10.51
59.50 9.14
60.50 6.83
61.51 5.86
62.52 4.89
63.53 4.43
64.54 3.43
65.55 3.72
66.55 2.56
67.56 1.78
68.57 1.56
69.58 0.63
70.59 -0.14
71.60 0.00
72.61 -0.03
73.61 -0.25
74.62 2.41
75.63 5.33
76.64 6.11
77.65 6.38
78.66 5.43
79.66 5.43
80.67 4.45
81.68 3.98
82.69 3.54
83.70 2.01
84.71 1.75
85.71 2.02
86.72 1.47
87.73 0.63
88.74 0.25
89.75 -0.63
90.76 -0.42
91.76 -0.25
92.77 5.10
93.78 7.50
94.79 8.09
95.80 7.94
96.81 7.23
97.82 6.12
98.82 5.81
99.83 5.07
100.84 4.27
101.85 9.23
102.86 11.82
103.87 11.97
104.87 11.66
105.88 9.63
106.89 8.11
107.90 6.46
108.91 6.24
109.92 3.90
110.92 3.71
111.93 3.89
112.94 2.39
113.95 1.95
114.96 1.68
115.97 0.79
116.97 0.69
117.98 0.12
118.99 -0.23
120.00 -1.24
