# Time(ns)	Amplitude
0.00 0.28
1.01 -0.06
2.02 0.91
3.03 0.37
4.03 0.43
5.04 0.30
6.05 0.56
7.06 0.25
8.07 0.07
9.08 0.16
10.08 0.80
11.09 -0.09
12.10 0.11
13.11 0.93
14.12 0.09
15.13 0.21
16.13 0.26
17.14 0.93
18.15 -0.34
19.16 0.33
20.17 0.27
21.18 0.00
22.18 6.81
23.19 9.72
24.20 10.72
25.21 11.12
26.22 10.43
27.23 9.78
28.24 10.14
29.24 14.36
30.25 16.39
31.26 15.29
32.27 15.31
33.28 14.31
34.29 5.90
35.29 2.66
36.30 1.67
37.31 0.40
38.32 4.94
39.33 10.56
40.34 13.50
41.34 15.53
42.35 15.48
43.36 14.57
44.37 13.33
45.38 12.91
46.39 11.35
47.39 9.97
48.40 9.51
49.41 8.03
50.42 7.65
51.43 7.95
52.44 7.19
53.45 5.81
54.45 4.91
55.46 4.40
56.47 4.38
57.48 3.88
58.49 3.79
59.50 3.68
60.50 3.20
61.51 2.83
62.52 2.63
63.53 1.84
64.54 1.91
65.55 2.09
66.55 1.75
67.56 1.91
68.57 1.43
69.58 1.17
70.59 0.49
71.60 0.42
72.61 1.18
73.61 0.36
74.62 0.71
75.63 0.15
76.64 0.03
77.65 0.50
78.66 0.31
79.66 0.37
80.67 0.34
81.68 0.54
82.69 0.27
83.70 0.43
84.71 0.27
85.71 0.52
86.72 0.20
87.73 0.47
88.74 0.75
89.75 0.75
90.76 0.23
91.76 0.47
92.77 0.09
93.78 0.60
94.79 0.20
95.80 0.47
96.81 0.03
97.82 0.23
98.82 -0.01
99.83 0.34
100.84 -0.15
101.85 0.00
102.86 0.20
103.87 0.39
104.87 0.25
105.88 0.33
106.89 -0.22
107.90 2.30
108.91 5.11
109.92 5.41
110.92 5.54
111.93 5.29
112.94 5.07
113.95 4.86
114.96 3.89
115.97 3.89
116.97 3.91
117.98 3.34
118.99 3.15
120.00 2.83
