# Time(ns)	Amplitude
0.00 0.49
1.01 0.00
2.02 0.54
3.03 0.00
4.03 0.03
5.04 0.44
6.05 0.54
7.06 0.29
8.07 0.39
9.08 0.74
10.08 0.33
11.09 0.64
12.10 0.50
13.11 0.36
14.12 0.48
15.13 0.33
16.13 -0.16
17.14 0.17
18.15 0.44
19.16 -0.49
20.17 -0.24
21.18 0.41
22.18 0.33
23.19 0.31
24.20 0.11
25.21 0.00
26.22 0.59
27.23 0.63
28.24 0.16
29.24 0.33
30.25 4.90
31.26 7.60
32.27 7.49
33.28 8.21
34.29 7.95
35.29 7.27
36.30 5.93
37.31 5.53
38.32 5.37
39.33 4.91
40.34 4.57
41.34 3.71
42.35 1.51
43.36 1.81
44.37 0.46
45.38 0.00
46.39 -0.95
47.39 -0.80
48.40 -0.41
49.41 3.82
50.42 5.63
51.43 5.75
52.44 5.61
53.45 5.63
54.45 5.32
55.46 4.61
56.47 4.57
57.48 4.18
58.49 3.33
59.50 2.41
60.50 1.96
61.51 2.00
62.52 0.92
63.53 1.20
64.54 0.36
65.55 0.55
66.55 0.61
67.56 0.39
68.57 -0.32
69.58 0.00
70.59 -0.66
71.60 -0.77
72.61 2.04
73.61 5.98
74.62 7.97
75.63 8.12
76.64 7.88
77.65 6.83
78.66 6.57
79.66 5.97
80.67 5.12
81.68 4.56
82.69 3.57
83.70 3.51
84.71 1.14
85.71 0.00
86.72 0.80
87.73 2.98
88.74 3.52
89.75 4.33
90.76 3.79
91.76 3.24
92.77 2.91
93.78 6.22
94.79 7.23
95.80 6.81
96.81 7.57
97.82 7.51
98.82 6.56
99.83 5.85
100.84 5.34
101.85 5.40
102.86 5.14
103.87 3.62
104.87 3.87
105.88 3.46
106.89 2.89
107.90 2.65
108.91 2.05
109.92 1.59
110.92 1.92
111.93 1.10
112.94 1.22
113.95 0.58
114.96 0.48
115.97 0.53
116.97 0.05
117.98 -0.07
118.99 0.04
120.00 -0.64
