# Time(ns)	Amplitude
0.00 0.29
1.01 -0.07
2.02 0.16
3.03 0.07
4.03 0.71
5.04 0.63
6.05 -0.00
7.06 -0.10
8.07 2.87
9.08 4.82
10.08 5.98
11.09 4.62
12.10 5.38
13.11 5.52
14.12 3.90
15.13 3.98
16.13 4.27
17.14 3.32
18.15 2.55
19.16 1.70
20.17 0.29
21.18 0.84
22.18 5.91
23.19 12.36
24.20 15.06
25.21 15.76
26.22 15.23
27.23 14.24
28.24 12.68
29.24 12.14
30.25 10.47
31.26 9.36
32.27 8.52
33.28 7.28
34.29 6.89
35.29 5.91
36.30 5.25
37.31 4.75
38.32 4.44
39.33 3.79
40.34 2.80
41.34 2.16
42.35 1.67
43.36 1.66
44.37 1.07
45.38 0.93
46.39 0.48
47.39 0.41
48.40 0.56
49.41 -0.19
50.42 -0.06
51.43 0.00
52.44 -0.33
53.45 1.47
54.45 5.73
55.46 7.42
56.47 8.64
57.48 8.45
58.49 7.10
59.50 8.94
60.50 13.07
61.51 14.75
62.52 14.74
63.53 14.62
64.54 13.64
65.55 11.40
66.55 9.61
67.56 8.67
68.57 8.50
69.58 6.71
70.59 5.85
71.60 5.44
72.61 5.16
73.61 4.15
74.62 4.07
75.63 3.56
76.64 3.23
77.65 3.54
78.66 3.21
79.66 2.61
80.67 2.06
81.68 2.26
82.69 2.31
83.70 2.14
84.71 1.85
85.71 1.68
86.72 0.84
87.73 1.07
88.74 1.18
89.75 1.26
90.76 0.64
91.76 0.00
92.77 0.35
93.78 0.54
94.79 0.95
95.80 0.20
96.81 1.01
97.82 0.00
98.82 0.33
99.83 0.76
100.84 0.24
101.85 0.50
102.86 0.41
103.87 0.90
104.87 0.67
105.88 0.69
106.89 0.56
107.90 -0.03
108.91 -0.09
109.92 0.19
110.92 0.03
111.93 0.31
112.94 0.46
113.95 0.14
114.96 0.73
115.97 0.50
116.97 0.37
117.98 0.25
118.99 0.33
120.00 0.00
