# Time(ns)	Amplitude
0.00 0.16
1.01 0.25
2.02 -0.36
3.03 0.24
4.03 0.14
5.04 0.00
6.05 0.45
7.06 0.19
8.07 0.33
9.08 0.02
10.08 0.11
11.09 -0.13
12.10 0.81
13.11 0.21
14.12 0.04
15.13 0.26
16.13 3.42
17.14 7.24
18.15 8.35
19.16 8.07
20.17 8.50
21.18 7.71
22.18 6.99
23.19 7.14
24.20 6.12
25.21 5.37
26.22 4.41
27.23 3.61
28.24 0.79
29.24 4.91
30.25 8.02
31.26 8.84
32.27 7.55
33.28 7.14
34.29 7.94
35.29 11.37
36.30 12.28
37.31 12.82
38.32 11.92
39.33 10.59
40.34 9.92
41.34 8.54
42.35 7.28
43.36 6.52
44.37 4.35
45.38 3.64
46.39 2.42
47.39 1.92
48.40 0.57
49.41 0.30
50.42 0.05
51.43 0.00
52.44 -0.75
53.45 -1.06
54.45 -1.10
55.46 2.39
56.47 4.57
57.48 4.83
58.49 4.33
59.50 4.58
60.50 4.57
61.51 3.92
62.52 2.82
63.53 2.88
64.54 4.52
65.55 4.71
66.55 5.18
67.56 4.65
68.57 4.78
69.58 5.03
70.59 4.34
71.60 3.92
72.61 3.92
73.61 2.98
74.62 3.22
75.63 2.86
76.64 2.29
77.65 2.25
78.66 1.66
79.66 1.60
80.67 1.67
81.68 1.06
82.69 1.52
83.70 1.25
84.71 0.84
85.71 0.58
86.72 0.48
87.73 0.57
88.74 0.91
89.75 0.19
90.76 0.78
91.76 0.79
92.77 0.29
93.78 0.46
94.79 1.00
95.80 -0.26
96.81 0.64
97.82 0.19
98.82 0.43
99.83 0.91
100.84 0.67
101.85 0.42
102.86 0.42
103.87 0.50
104.87 0.83
105.88 0.64
106.89 0.29
107.90 -0.07
108.91 -0.11
109.92 0.48
110.92 0.44
111.93 0.25
112.94 0.30
113.95 0.50
114.96 -0.23
115.97 0.16
116.97 0.26
117.98 0.50
118.99 0.12
120.00 0.42
