# Time(ns)	Amplitude
0.00 0.28
1.01 0.57
2.02 1.02
3.03 0.01
4.03 0.09
5.04 -0.09
6.05 0.09
7.06 0.28
8.07 0.28
9.08 0.31
10.08 -0.09
11.09 0.09
12.10 0.08
13.11 4.21
14.12 5.68
15.13 6.53
16.13 6.80
17.14 6.68
18.15 6.52
19.16 5.60
20.17 5.09
21.18 4.73
22.18 4.17
23.19 3.84
24.20 3.16
25.21 2.53
26.22 2.18
27.23 2.68
28.24 1.75
29.24 1.64
30.25 2.28
31.26 1.67
32.27 1.25
33.28 1.12
34.29 1.19
35.29 0.88
36.30 1.19
37.31 0.28
38.32 0.89
39.33 1.18
40.34 0.54
41.34 1.06
42.35 -0.02
43.36 1.03
44.37 0.56
45.38 0.53
46.39 0.49
47.39 0.47
48.40 0.58
49.41 0.10
50.42 0.02
51.43 0.17
52.44 0.49
53.45 0.79
54.45 -0.51
55.46 0.39
56.47 -0.20
57.48 0.53
58.49 0.34
59.50 0.63
60.50 0.69
61.51 0.62
62.52 -0.19
63.53 0.88
64.54 4.25
65.55 5.24
66.55 5.69
67.56 4.77
68.57 5.06
69.58 4.97
70.59 4.45
71.60 4.15
72.61 3.33
73.61 3.40
74.62 2.83
75.63 2.97
76.64 6.44
77.65 8.53
78.66 8.79
79.66 8.12
80.67 8.37
81.68 6.92
82.69 6.28
83.70 5.19
84.71 4.39
85.71 4.10
86.72 2.94
87.73 2.24
88.74 0.41
89.75 1.60
90.76 6.83
91.76 8.72
92.77 8.88
93.78 7.72
94.79 7.47
95.80 6.38
96.81 5.50
97.82 3.83
98.82 3.68
99.83 3.50
100.84 2.62
101.85 2.40
102.86 2.05
103.87 1.87
104.87 3.21
105.88 4.83
106.89 4.00
107.90 4.09
108.91 3.38
109.92 3.60
110.92 3.26
111.93 1.89
112.94 1.78
113.95 1.49
114.96 1.07
115.97 0.73
116.97 0.47
117.98 0.08
118.99 -0.57
120.00 -0.13
