# Time(ns)	Amplitude
0.00 0.12
1.01 0.40
2.02 0.10
3.03 0.22
4.03 0.38
5.04 0.81
6.05 -0.01
7.06 -0.05
8.07 -0.32
9.08 0.26
10.08 0.47
11.09 0.06
12.10 0.59
13.11 0.36
14.12 0.29
15.13 0.49
16.13 0.60
17.14 3.29
18.15 8.25
19.16 10.50
20.17 11.35
21.18 11.38
22.18 10.72
23.19 9.83
24.20 8.71
25.21 7.96
26.22 9.11
27.23 12.27
28.24 13.37
29.24 10.18
30.25 10.08
31.26 8.83
32.27 7.71
33.28 6.44
34.29 5.63
35.29 4.57
36.30 4.04
37.31 3.61
38.32 2.18
39.33 1.87
40.34 1.82
41.34 0.79
42.35 0.77
43.36 0.67
44.37 0.36
45.38 0.00
46.39 0.57
47.39 2.38
48.40 3.05
49.41 3.96
50.42 3.52
51.43 3.30
52.44 3.74
53.45 3.18
54.45 2.52
55.46 1.97
56.47 1.30
57.48 1.44
58.49 0.98
59.50 1.09
60.50 0.98
61.51 0.92
62.52 0.28
63.53 -0.41
64.54 0.07
65.55 -0.30
66.55 0.00
67.56 -0.33
68.57 5.64
69.58 8.41
70.59 9.13
71.60 9.01
72.61 8.56
73.61 8.19
74.62 7.17
75.63 6.19
76.64 5.30
77.65 5.34
78.66 4.34
79.66 4.57
80.67 3.52
81.68 3.04
82.69 2.98
83.70 2.39
84.71 1.91
85.71 2.15
86.72 1.67
87.73 1.68
88.74 1.48
89.75 1.27
90.76 0.89
91.76 0.81
92.77 1.07
93.78 0.37
94.79 0.46
95.80 0.00
96.81 0.30
97.82 0.07
98.82 -0.26
99.83 0.08
100.84 -0.54
101.85 -0.41
102.86 4.17
103.87 6.21
104.87 7.05
105.88 7.19
106.89 6.89
107.90 6.17
108.91 5.67
109.92 6.29
110.92 5.23
111.93 4.03
112.94 4.52
113.95 3.73
114.96 3.02
115.97 0.95
116.97 0.54
117.98 0.10
118.99 -0.56
120.00 -0.17
