# Time(ns)	Amplitude
0.00 0.43
1.01 0.78
2.02 0.54
3.03 0.76
4.03 0.70
5.04 0.39
6.05 0.22
7.06 -0.36
8.07 0.16
9.08 -0.13
10.08 0.55
11.09 0.48
12.10 -0.16
13.11 0.24
14.12 1.82
15.13 3.08
16.13 3.43
17.14 3.85
18.15 4.41
19.16 3.88
20.17 3.39
21.18 3.64
22.18 3.36
23.19 2.83
24.20 2.08
25.21 2.01
26.22 1.74
27.23 0.96
28.24 1.01
29.24 0.84
30.25 0.26
31.26 1.03
32.27 1.05
33.28 0.55
34.29 0.19
35.29 0.60
36.30 0.74
37.31 0.45
38.32 0.23
39.33 0.41
40.34 0.52
41.34 0.83
42.35 0.40
43.36 1.08
44.37 0.65
45.38 0.18
46.39 0.33
47.39 0.76
48.40 0.00
49.41 0.02
50.42 -0.03
51.43 -0.03
52.44 -0.28
53.45 0.18
54.45 0.07
55.46 6.40
56.47 9.65
57.48 10.84
58.49 10.75
59.50 10.11
60.50 9.82
61.51 8.74
62.52 8.36
63.53 10.20
64.54 11.00
65.55 10.91
66.55 13.00
67.56 10.43
68.57 10.97
69.58 9.75
70.59 9.51
71.60 7.96
72.61 8.14
73.61 6.18
74.62 6.54
75.63 5.35
76.64 4.92
77.65 4.78
78.66 4.66
79.66 3.53
80.67 2.78
81.68 2.32
82.69 2.06
83.70 1.88
84.71 1.74
85.71 1.55
86.72 0.75
87.73 0.89
88.74 -0.20
89.75 0.00
90.76 0.00
91.76 -0.37
92.77 -0.84
93.78 1.51
94.79 4.78
95.80 5.97
96.81 6.53
97.82 6.19
98.82 6.28
99.83 5.93
100.84 5.24
101.85 5.03
102.86 4.63
103.87 4.32
104.87 3.74
105.88 3.40
106.89 2.79
107.90 1.65
108.91 2.45
109.92 1.82
110.92 1.93
111.93 1.89
112.94 1.04
113.95 1.30
114.96 0.35
115.97 0.23
116.97 -0.06
117.98 0.14
118.99 -0.18
120.00 0.03
