# Time(ns)	Amplitude
0.00 -0.08
1.01 0.18
2.02 -0.06
3.03 0.34
4.03 0.31
5.04 0.10
6.05 0.19
7.06 0.02
8.07 0.66
9.08 0.90
10.08 0.10
11.09 0.37
12.10 0.23
13.11 0.15
14.12 0.16
15.13 -0.03
16.13 2.68
17.14 3.64
18.15 4.34
19.16 4.53
20.17 3.90
21.18 3.65
22.18 3.28
23.19 3.15
24.20 2.56
25.21 2.70
26.22 2.08
27.23 2.39
28.24 1.57
29.24 1.68
30.25 1.14
31.26 0.92
32.27 1.08
33.28 0.73
34.29 0.24
35.29 -0.12
36.30 0.14
37.31 0.27
38.32 0.40
39.33 0.00
40.34 -0.14
41.34 -0.29
42.35 0.19
43.36 0.02
44.37 6.46
45.38 9.13
46.39 10.82
47.39 11.00
48.40 10.73
49.41 10.22
50.42 12.56
51.43 13.78
52.44 14.06
53.45 13.50
54.45 12.85
55.46 11.58
56.47 8.24
57.48 7.52
58.49 5.80
59.50 5.32
60.50 3.75
61.51 3.07
62.52 2.48
63.53 1.94
64.54 1.40
65.55 0.96
66.55 0.49
67.56 -0.21
68.57 0.00
69.58 -0.63
70.59 -0.61
71.60 0.96
72.61 5.42
73.61 7.72
74.62 8.33
75.63 8.10
76.64 7.52
77.65 6.46
78.66 11.29
79.66 15.07
80.67 14.76
81.68 14.57
82.69 13.53
83.70 12.05
84.71 10.78
85.71 9.61
86.72 8.43
87.73 7.79
88.74 5.95
89.75 6.74
90.76 5.66
91.76 5.28
92.77 4.23
93.78 3.44
94.79 3.65
95.80 3.12
96.81 3.33
97.82 2.63
98.82 2.06
99.83 2.53
100.84 2.00
101.85 2.01
102.86 1.96
103.87 1.91
104.87 1.61
105.88 1.17
106.89 1.37
107.90 1.93
108.91 0.89
109.92 0.86
110.92 0.32
111.93 0.56
112.94 0.55
113.95 0.72
114.96 0.19
115.97 0.00
116.97 -0.01
117.98 0.05
118.99 -0.12
120.00 0.31
