# Time(ns)	Amplitude
0.00 0.36
1.01 0.67
2.02 0.85
3.03 0.24
4.03 0.13
5.04 0.08
6.05 0.18
7.06 0.66
8.07 0.94
9.08 0.22
10.08 -0.26
11.09 -0.09
12.10 -0.06
13.11 2.31
14.12 7.87
15.13 9.08
16.13 9.88
17.14 10.03
18.15 9.69
19.16 8.71
20.17 8.11
21.18 7.12
22.18 6.51
23.19 6.55
24.20 5.43
25.21 4.22
26.22 3.51
27.23 3.80
28.24 2.89
29.24 2.77
30.25 1.87
31.26 1.64
32.27 1.60
33.28 1.38
34.29 1.23
35.29 1.55
36.30 0.62
37.31 1.34
38.32 0.00
39.33 0.55
40.34 0.13
41.34 0.42
42.35 0.04
43.36 0.22
44.37 0.57
45.38 0.15
46.39 0.23
47.39 -0.48
48.40 -0.51
49.41 -0.09
50.42 1.10
51.43 1.95
52.44 2.51
53.45 2.62
54.45 2.49
55.46 2.32
56.47 2.71
57.48 1.90
58.49 2.06
59.50 1.61
60.50 1.52
61.51 1.77
62.52 0.86
63.53 1.13
64.54 1.10
65.55 0.96
66.55 0.40
67.56 0.29
68.57 0.11
69.58 0.52
70.59 0.21
71.60 -0.35
72.61 0.15
73.61 0.41
74.62 0.00
75.63 -0.36
76.64 -0.30
77.65 0.00
78.66 7.09
79.66 9.98
80.67 10.43
81.68 9.55
82.69 10.45
83.70 9.58
84.71 8.36
85.71 10.48
86.72 16.14
87.73 16.81
88.74 16.87
89.75 16.15
90.76 8.93
91.76 11.75
92.77 14.42
93.78 14.35
94.79 13.99
95.80 13.38
96.81 12.93
97.82 11.27
98.82 9.76
99.83 9.79
100.84 9.15
101.85 8.16
102.86 7.18
103.87 6.88
104.87 5.29
105.88 5.45
106.89 4.55
107.90 3.62
108.91 2.94
109.92 2.93
110.92 2.36
111.93 1.92
112.94 1.24
113.95 0.84
114.96 0.71
115.97 0.61
116.97 0.03
117.98 -0.13
118.99 0.09
120.00 -0.07
