# Time(ns)	Amplitude
0.00 0.45
1.01 0.56
2.02 0.34
3.03 -0.20
4.03 0.22
5.04 0.27
6.05 0.79
7.06 0.14
8.07 -0.04
9.08 1.53
10.08 0.11
11.09 0.37
12.10 -0.26
13.11 0.51
14.12 0.72
15.13 0.41
16.13 0.40
17.14 0.00
18.15 5.83
19.16 8.66
20.17 9.65
21.18 8.92
22.18 9.22
23.19 8.76
24.20 7.34
25.21 6.98
26.22 6.29
27.23 5.39
28.24 5.11
29.24 4.37
30.25 2.31
31.26 0.98
32.27 -0.47
33.28 2.61
34.29 3.49
35.29 3.74
36.30 3.22
37.31 2.82
38.32 2.31
39.33 2.08
40.34 1.30
41.34 0.64
42.35 0.40
43.36 0.37
44.37 0.66
45.38 -0.74
46.39 2.34
47.39 4.06
48.40 5.11
49.41 4.35
50.42 4.41
51.43 4.34
52.44 4.06
53.45 3.79
54.45 3.87
55.46 3.76
56.47 3.35
57.48 2.07
58.49 2.40
59.50 2.36
60.50 2.07
61.51 2.03
62.52 2.06
63.53 1.63
64.54 1.38
65.55 0.33
66.55 0.83
67.56 0.62
68.57 0.80
69.58 0.43
70.59 0.45
71.60 0.81
72.61 0.64
73.61 0.00
74.62 -0.09
75.63 -0.03
76.64 0.00
77.65 -0.35
78.66 4.59
79.66 9.20
80.67 11.54
81.68 11.82
82.69 10.99
83.70 10.50
84.71 9.00
85.71 9.24
86.72 7.87
87.73 7.21
88.74 6.52
89.75 6.26
90.76 4.36
91.76 3.91
92.77 3.27
93.78 3.16
94.79 2.52
95.80 2.31
96.81 2.37
97.82 1.03
98.82 1.18
99.83 0.43
100.84 0.90
101.85 0.70
102.86 0.34
103.87 -0.20
104.87 0.35
105.88 0.02
106.89 0.20
107.90 -0.58
108.91 -0.42
109.92 0.78
110.92 4.46
111.93 6.52
112.94 6.72
113.95 7.09
114.96 6.04
115.97 5.98
116.97 5.20
117.98 4.87
118.99 4.66
120.00 3.91
