# Time(ns)	Amplitude
0.00 0.42
1.01 0.13
2.02 0.03
3.03 -0.09
4.03 0.47
5.04 0.22
6.05 0.35
7.06 0.14
8.07 0.12
9.08 -0.37
10.08 0.12
11.09 0.35
12.10 6.03
13.11 8.17
14.12 9.42
15.13 9.52
16.13 8.69
17.14 8.84
18.15 7.70
19.16 6.69
20.17 6.61
21.18 6.46
22.18 5.18
23.19 4.02
24.20 3.62
25.21 3.01
26.22 2.76
27.23 2.65
28.24 2.24
29.24 1.30
30.25 1.58
31.26 1.92
32.27 1.77
33.28 1.21
34.29 1.63
35.29 1.47
36.30 0.69
37.31 0.83
38.32 0.41
39.33 0.44
40.34 0.69
41.34 0.19
42.35 0.58
43.36 0.36
44.37 -0.44
45.38 0.00
46.39 -0.20
47.39 -0.22
48.40 0.25
49.41 4.05
50.42 8.66
51.43 10.15
52.44 10.49
53.45 10.30
54.45 9.46
55.46 8.75
56.47 8.09
57.48 7.82
58.49 6.78
59.50 5.89
60.50 5.64
61.51 2.90
62.52 1.79
63.53 0.88
64.54 -0.34
65.55 0.00
66.55 0.03
67.56 -1.11
68.57 -1.46
69.58 0.24
70.59 2.30
71.60 2.86
72.61 2.63
73.61 2.47
74.62 8.32
75.63 10.62
76.64 11.53
77.65 12.97
78.66 13.44
79.66 12.73
80.67 12.21
81.68 11.11
82.69 9.85
83.70 8.95
84.71 7.58
85.71 6.93
86.72 6.05
87.73 6.08
88.74 5.31
89.75 4.89
90.76 3.76
91.76 4.36
92.77 3.02
93.78 2.79
94.79 2.79
95.80 2.15
96.81 2.94
97.82 2.62
98.82 2.01
99.83 1.84
100.84 1.21
101.85 1.60
102.86 1.67
103.87 1.53
104.87 1.16
105.88 1.16
106.89 0.27
107.90 0.85
108.91 0.21
109.92 0.00
110.92 0.43
111.93 -0.00
112.94 0.10
113.95 0.43
114.96 -0.37
115.97 0.16
116.97 0.19
117.98 -0.16
118.99 0.15
120.00 0.34
