# Time(ns)	Amplitude
0.00 0.47
1.01 -0.09
2.02 0.48
3.03 0.30
4.03 0.13
5.04 -0.03
6.05 0.19
7.06 -0.03
8.07 3.57
9.08 5.36
10.08 6.15
11.09 6.02
12.10 6.57
13.11 10.32
14.12 14.91
15.13 16.26
16.13 16.30
17.14 14.81
18.15 14.49
19.16 13.12
20.17 9.57
21.18 7.88
22.18 7.02
23.19 6.17
24.20 5.45
25.21 4.90
26.22 4.63
27.23 3.75
28.24 2.58
29.24 2.59
30.25 2.32
31.26 1.38
32.27 1.07
33.28 0.87
34.29 0.93
35.29 0.00
36.30 0.49
37.31 -0.27
38.32 -1.00
39.33 -0.55
40.34 0.58
41.34 2.79
42.35 3.25
43.36 3.55
44.37 3.66
45.38 3.46
46.39 3.41
47.39 2.44
48.40 1.76
49.41 2.08
50.42 3.59
51.43 3.82
52.44 4.65
53.45 4.12
54.45 4.13
55.46 3.36
56.47 2.52
57.48 2.96
58.49 2.97
59.50 1.66
60.50 2.00
61.51 1.93
62.52 1.35
63.53 1.49
64.54 1.39
65.55 0.43
66.55 0.38
67.56 0.73
68.57 0.78
69.58 0.06
70.59 0.00
71.60 -0.16
72.61 0.23
73.61 -0.46
74.62 -0.20
75.63 0.95
76.64 2.41
77.65 2.84
78.66 3.63
79.66 2.87
80.67 2.94
81.68 2.64
82.69 2.51
83.70 2.33
84.71 1.69
85.71 1.98
86.72 0.97
87.73 1.20
88.74 0.70
89.75 1.23
90.76 1.49
91.76 1.15
92.77 1.12
93.78 0.72
94.79 0.63
95.80 0.41
96.81 1.03
97.82 0.44
98.82 1.59
99.83 0.29
100.84 0.54
101.85 0.85
102.86 0.70
103.87 0.22
104.87 0.85
105.88 0.21
106.89 0.55
107.90 0.39
108.91 0.48
109.92 0.49
110.92 0.20
111.93 -0.17
112.94 0.99
113.95 0.57
114.96 0.74
115.97 0.00
116.97 0.77
117.98 -0.02
118.99 0.76
120.00 0.03
