# Time(ns)	Amplitude
0.00 0.59
1.01 0.45
2.02 0.37
3.03 0.40
4.03 -0.20
5.04 0.31
6.05 -0.32
7.06 -0.03
8.07 0.10
9.08 0.24
10.08 0.10
11.09 2.00
12.10 5.81
13.11 7.29
14.12 7.91
15.13 7.76
16.13 7.40
17.14 6.83
18.15 5.68
19.16 5.82
20.17 5.30
21.18 4.32
22.18 4.43
23.19 1.90
24.20 1.53
25.21 1.22
26.22 0.55
27.23 0.00
28.24 -0.57
29.24 -0.19
30.25 -0.26
31.26 1.41
32.27 3.37
33.28 4.57
34.29 3.50
35.29 4.15
36.30 4.34
37.31 3.75
38.32 3.62
39.33 3.13
40.34 2.83
41.34 2.71
42.35 2.40
43.36 2.65
44.37 1.85
45.38 2.03
46.39 1.92
47.39 1.70
48.40 1.09
49.41 1.28
50.42 0.85
51.43 0.79
52.44 0.40
53.45 0.35
54.45 0.00
55.46 0.80
56.47 0.06
57.48 0.16
58.49 -0.28
59.50 -0.09
60.50 -0.10
61.51 0.08
62.52 2.50
63.53 5.23
64.54 6.27
65.55 6.06
66.55 5.48
67.56 5.27
68.57 5.18
69.58 4.06
70.59 3.84
71.60 3.70
72.61 7.07
73.61 8.52
74.62 7.99
75.63 6.48
76.64 4.98
77.65 4.93
78.66 3.06
79.66 1.73
80.67 1.65
81.68 8.60
82.69 11.68
83.70 11.80
84.71 11.32
85.71 10.75
86.72 9.13
87.73 9.21
88.74 7.76
89.75 7.71
90.76 6.36
91.76 5.42
92.77 5.19
93.78 4.95
94.79 4.67
95.80 4.47
96.81 3.73
97.82 3.39
98.82 3.25
99.83 2.24
100.84 2.70
101.85 1.99
102.86 2.09
103.87 2.22
104.87 1.49
105.88 0.95
106.89 1.70
107.90 1.06
108.91 0.34
109.92 0.74
110.92 0.61
111.93 0.68
112.94 0.52
113.95 0.41
114.96 0.48
115.97 0.21
116.97 0.33
117.98 -0.29
118.99 0.17
120.00 -0.28
