# Time(ns)	Amplitude
0.00 0.15
1.01 -0.21
2.02 1.00
3.03 0.32
4.03 0.18
5.04 0.58
6.05 0.43
7.06 0.24
8.07 0.10
9.08 0.04
10.08 -0.20
11.09 0.17
12.10 0.68
13.11 0.62
14.12 0.69
15.13 0.48
16.13 1.05
17.14 0.23
18.15 0.77
19.16 0.60
20.17 0.74
21.18 0.41
22.18 0.49
23.19 0.40
24.20 0.18
25.21 0.78
26.22 0.17
27.23 -0.30
28.24 0.60
29.24 -0.20
30.25 0.62
31.26 -0.26
32.27 3.58
33.28 5.44
34.29 5.55
35.29 7.01
36.30 10.48
37.31 13.28
38.32 13.55
39.33 13.29
40.34 13.05
41.34 12.05
42.35 10.86
43.36 9.42
44.37 5.87
45.38 4.74
46.39 3.30
47.39 2.14
48.40 1.69
49.41 0.98
50.42 0.23
51.43 0.00
52.44 -0.38
53.45 -0.95
54.45 -1.14
55.46 0.12
56.47 1.11
57.48 2.30
58.49 2.94
59.50 8.09
60.50 11.02
61.51 12.02
62.52 10.81
63.53 10.65
64.54 9.44
65.55 8.62
66.55 7.81
67.56 6.99
68.57 6.31
69.58 5.98
70.59 5.10
71.60 4.58
72.61 4.94
73.61 4.05
74.62 4.01
75.63 3.16
76.64 3.06
77.65 2.25
78.66 2.59
79.66 2.43
80.67 2.15
81.68 1.51
82.69 1.66
83.70 1.57
84.71 0.93
85.71 1.04
86.72 0.41
87.73 0.69
88.74 0.47
89.75 0.52
90.76 0.12
91.76 0.00
92.77 0.28
93.78 0.08
94.79 0.40
95.80 -0.10
96.81 -0.03
97.82 -0.50
98.82 0.41
99.83 4.57
100.84 5.92
101.85 6.94
102.86 6.29
103.87 6.10
104.87 5.73
105.88 5.38
106.89 4.24
107.90 4.25
108.91 3.69
109.92 3.88
110.92 2.87
111.93 2.26
112.94 1.51
113.95 1.12
114.96 0.68
115.97 0.73
116.97 -0.08
117.98 0.03
118.99 -0.18
120.00 0.11
