# Time(ns)	Amplitude
0.00 0.73
1.01 0.01
2.02 0.49
3.03 -0.02
4.03 0.37
5.04 0.25
6.05 0.41
7.06 0.20
8.07 0.29
9.08 0.03
10.08 0.06
11.09 0.24
12.10 -0.44
13.11 4.58
14.12 9.16
15.13 9.14
16.13 9.87
17.14 9.35
18.15 9.07
19.16 8.36
20.17 7.67
21.18 7.29
22.18 6.08
23.19 5.24
24.20 5.20
25.21 3.74
26.22 3.46
27.23 2.53
28.24 2.48
29.24 1.93
30.25 1.78
31.26 1.46
32.27 1.95
33.28 1.70
34.29 1.18
35.29 1.45
36.30 0.86
37.31 0.73
38.32 0.83
39.33 0.57
40.34 0.84
41.34 0.78
42.35 1.04
43.36 0.75
44.37 0.34
45.38 0.91
46.39 0.55
47.39 0.13
48.40 0.29
49.41 0.69
50.42 0.73
51.43 0.62
52.44 0.59
53.45 0.64
54.45 -0.53
55.46 0.49
56.47 -0.04
57.48 0.06
58.49 0.38
59.50 0.90
60.50 0.77
61.51 0.50
62.52 -0.28
63.53 0.50
64.54 0.20
65.55 0.00
66.55 0.40
67.56 0.41
68.57 0.21
69.58 0.48
70.59 1.54
71.60 4.35
72.61 6.37
73.61 6.70
74.62 7.21
75.63 6.07
76.64 5.76
77.65 5.35
78.66 4.89
79.66 4.40
80.67 4.01
81.68 3.20
82.69 2.42
83.70 1.41
84.71 0.33
85.71 0.23
86.72 -0.03
87.73 0.07
88.74 -0.23
89.75 1.22
90.76 2.14
91.76 2.75
92.77 3.14
93.78 2.42
94.79 2.37
95.80 1.38
96.81 1.15
97.82 1.29
98.82 0.57
99.83 0.37
100.84 0.23
101.85 0.45
102.86 -0.02
103.87 -0.07
104.87 -0.41
105.88 2.76
106.89 5.81
107.90 8.30
108.91 13.27
109.92 16.26
110.92 16.19
111.93 15.75
112.94 14.98
113.95 13.08
114.96 12.18
115.97 9.90
116.97 9.67
117.98 8.53
118.99 6.00
120.00 2.08
