# Time(ns)	Amplitude
0.00 0.30
1.01 0.44
2.02 0.06
3.03 0.03
4.03 0.48
5.04 0.31
6.05 0.74
7.06 0.39
8.07 0.31
9.08 0.37
10.08 0.60
11.09 -0.01
12.10 0.45
13.11 0.36
14.12 0.10
15.13 0.59
16.13 -0.19
17.14 0.39
18.15 0.61
19.16 0.00
20.17 0.39
21.18 0.47
22.18 0.63
23.19 0.37
24.20 0.02
25.21 0.31
26.22 0.12
27.23 0.43
28.24 0.31
29.24 0.31
30.25 0.35
31.26 0.89
32.27 0.03
33.28 -0.12
34.29 0.00
35.29 0.10
36.30 0.53
37.31 0.30
38.32 -0.23
39.33 0.41
40.34 0.40
41.34 0.37
42.35 0.84
43.36 0.48
44.37 0.31
45.38 0.49
46.39 0.52
47.39 0.50
48.40 0.65
49.41 0.74
50.42 0.52
51.43 0.00
52.44 0.31
53.45 0.57
54.45 0.00
55.46 0.13
56.47 -0.45
57.48 0.22
58.49 0.32
59.50 0.25
60.50 -0.66
61.51 0.46
62.52 0.19
63.53 0.78
64.54 1.73
65.55 3.80
66.55 4.69
67.56 4.19
68.57 4.29
69.58 4.42
70.59 3.88
71.60 3.73
72.61 3.52
73.61 2.91
74.62 2.31
75.63 5.01
76.64 6.78
77.65 7.65
78.66 11.60
79.66 12.61
80.67 11.80
81.68 11.51
82.69 12.09
83.70 15.91
84.71 17.23
85.71 16.59
86.72 18.30
87.73 20.76
88.74 19.90
89.75 19.20
90.76 18.86
91.76 15.30
92.77 14.50
93.78 12.86
94.79 12.60
95.80 10.62
96.81 10.29
97.82 8.90
98.82 7.90
99.83 7.74
100.84 7.04
101.85 5.95
102.86 5.84
103.87 4.62
104.87 4.55
105.88 4.74
106.89 2.93
107.90 2.56
108.91 2.00
109.92 1.99
110.92 1.42
111.93 0.53
112.94 0.91
113.95 0.96
114.96 0.22
115.97 0.14
116.97 0.00
117.98 0.00
118.99 0.05
120.00 -0.10
