# Time(ns)	Amplitude
0.00 -0.16
1.01 0.35
2.02 0.83
3.03 0.76
4.03 0.28
5.04 0.00
6.05 0.42
7.06 0.35
8.07 -0.22
9.08 1.12
10.08 0.30
11.09 0.25
12.10 0.41
13.11 0.00
14.12 0.64
15.13 0.33
16.13 0.20
17.14 0.49
18.15 0.11
19.16 0.00
20.17 0.27
21.18 0.02
22.18 0.17
23.19 0.21
24.20 0.00
25.21 0.45
26.22 0.01
27.23 -0.01
28.24 2.19
29.24 3.47
30.25 3.66
31.26 5.79
32.27 7.46
33.28 7.22
34.29 7.16
35.29 6.34
36.30 6.06
37.31 5.98
38.32 5.47
39.33 4.06
40.34 3.65
41.34 3.34
42.35 2.92
43.36 2.63
44.37 1.84
45.38 1.66
46.39 1.63
47.39 1.62
48.40 1.28
49.41 1.21
50.42 1.14
51.43 0.39
52.44 0.99
53.45 0.00
54.45 0.38
55.46 -0.04
56.47 0.34
57.48 0.20
58.49 0.37
59.50 -0.44
60.50 -0.36
61.51 1.05
62.52 6.40
63.53 8.96
64.54 9.08
65.55 8.94
66.55 10.32
67.56 11.76
68.57 12.01
69.58 11.30
70.59 11.01
71.60 9.75
72.61 8.80
73.61 6.97
74.62 1.84
75.63 0.40
76.64 0.02
77.65 -0.63
78.66 6.60
79.66 7.52
80.67 9.08
81.68 9.53
82.69 8.17
83.70 8.23
84.71 7.64
85.71 7.21
86.72 6.46
87.73 5.28
88.74 5.56
89.75 4.46
90.76 4.75
91.76 4.14
92.77 3.36
93.78 3.52
94.79 3.54
95.80 2.41
96.81 2.61
97.82 2.15
98.82 1.78
99.83 1.36
100.84 1.85
101.85 1.57
102.86 1.13
103.87 0.88
104.87 1.24
105.88 0.72
106.89 0.66
107.90 0.37
108.91 0.36
109.92 0.35
110.92 0.12
111.93 0.32
112.94 -0.11
113.95 0.07
114.96 0.37
115.97 0.82
116.97 0.02
117.98 0.27
118.99 0.08
120.00 -0.44
