# Time(ns)	Amplitude
0.00 0.21
1.01 0.32
2.02 -0.58
3.03 0.52
4.03 -0.37
5.04 0.08
6.05 2.56
7.06 4.49
8.07 5.15
9.08 5.61
10.08 4.84
11.09 4.44
12.10 4.21
13.11 3.83
14.12 3.90
15.13 3.69
16.13 2.94
17.14 1.88
18.15 1.66
19.16 1.72
20.17 1.21
21.18 0.71
22.18 0.98
23.19 0.84
24.20 0.57
25.21 0.32
26.22 0.74
27.23 0.00
28.24 0.60
29.24 0.02
30.25 -0.03
31.26 -0.04
32.27 -0.21
33.28 0.43
34.29 3.22
35.29 5.64
36.30 6.60
37.31 7.96
38.32 10.78
39.33 11.15
40.34 10.68
41.34 10.53
42.35 9.80
43.36 9.06
44.37 8.04
45.38 6.86
46.39 3.46
47.39 2.51
48.40 4.37
49.41 6.33
50.42 7.47
51.43 7.12
52.44 7.27
53.45 6.21
54.45 5.30
55.46 4.60
56.47 4.24
57.48 2.70
58.49 2.97
59.50 1.75
60.50 1.01
61.51 1.00
62.52 0.41
63.53 0.50
64.54 2.64
65.55 3.67
66.55 4.73
67.56 4.94
68.57 4.05
69.58 4.19
70.59 4.42
71.60 3.37
72.61 3.38
73.61 3.06
74.62 2.98
75.63 2.70
76.64 2.43
77.65 2.23
78.66 1.63
79.66 1.74
80.67 0.94
81.68 1.10
82.69 1.23
83.70 1.50
84.71 1.08
85.71 0.70
86.72 0.70
87.73 1.17
88.74 0.85
89.75 0.76
90.76 0.76
91.76 0.64
92.77 0.76
93.78 0.46
94.79 0.51
95.80 0.05
96.81 0.18
97.82 0.62
98.82 0.00
99.83 0.22
100.84 0.29
101.85 0.28
102.86 -0.18
103.87 0.52
104.87 0.67
105.88 0.82
106.89 0.24
107.90 0.64
108.91 0.79
109.92 0.70
110.92 0.13
111.93 0.66
112.94 0.17
113.95 0.25
114.96 0.00
115.97 0.33
116.97 0.28
117.98 0.73
118.99 0.00
120.00 -0.17
