# Time(ns)	Amplitude
0.00 0.09
1.01 0.23
2.02 0.25
3.03 0.38
4.03 0.01
5.04 0.29
6.05 0.69
7.06 0.42
8.07 0.60
9.08 1.01
10.08 -0.01
11.09 0.26
12.10 -0.30
13.11 0.30
14.12 0.42
15.13 0.18
16.13 0.27
17.14 0.48
18.15 0.34
19.16 0.49
20.17 0.22
21.18 -0.18
22.18 0.01
23.19 0.27
24.20 0.57
25.21 0.38
26.22 0.13
27.23 1.02
28.24 0.57
29.24 0.55
30.25 0.70
31.26 0.52
32.27 0.53
33.28 0.12
34.29 0.82
35.29 0.06
36.30 0.36
37.31 -0.08
38.32 0.26
39.33 0.71
40.34 0.22
41.34 0.17
42.35 -0.05
43.36 -0.13
44.37 0.40
45.38 0.41
46.39 0.33
47.39 0.35
48.40 0.41
49.41 0.32
50.42 0.26
51.43 0.30
52.44 2.18
53.45 5.78
54.45 11.67
55.46 13.94
56.47 14.99
57.48 14.01
58.49 13.71
59.50 14.86
60.50 15.43
61.51 15.55
62.52 14.47
63.53 13.39
64.54 10.36
65.55 5.98
66.55 2.84
67.56 1.65
68.57 0.89
69.58 1.16
70.59 7.87
71.60 9.52
72.61 9.73
73.61 9.96
74.62 9.82
75.63 8.41
76.64 8.86
77.65 8.10
78.66 7.44
79.66 6.57
80.67 5.63
81.68 5.68
82.69 4.12
83.70 3.69
84.71 3.57
85.71 2.82
86.72 2.05
87.73 1.83
88.74 0.83
89.75 1.05
90.76 0.41
91.76 0.51
92.77 0.51
93.78 0.13
94.79 0.00
95.80 -0.45
96.81 -0.74
97.82 -0.24
98.82 1.50
99.83 4.09
100.84 4.58
101.85 5.33
102.86 4.72
103.87 4.54
104.87 3.98
105.88 3.94
106.89 3.78
107.90 3.39
108.91 2.82
109.92 2.30
110.92 2.02
111.93 1.94
112.94 1.25
113.95 0.59
114.96 0.75
115.97 0.53
116.97 0.04
117.98 0.50
118.99 -0.52
120.00 -0.10
