# Time(ns)	Amplitude
0.00 -0.04
1.01 0.44
2.02 0.27
3.03 0.45
4.03 0.13
5.04 0.58
6.05 0.03
7.06 -0.03
8.07 0.49
9.08 0.31
10.08 -0.01
11.09 0.20
12.10 0.27
13.11 4.65
14.12 6.81
15.13 7.99
16.13 7.74
17.14 7.55
18.15 7.19
19.16 6.43
20.17 11.02
21.18 13.95
22.18 14.88
23.19 15.07
24.20 14.27
25.21 9.47
26.22 8.85
27.23 8.11
28.24 6.97
29.24 7.23
30.25 5.97
31.26 5.54
32.27 4.93
33.28 4.11
34.29 3.34
35.29 2.59
36.30 2.42
37.31 2.66
38.32 2.57
39.33 2.52
40.34 2.39
41.34 1.64
42.35 1.93
43.36 1.24
44.37 1.12
45.38 1.08
46.39 0.57
47.39 1.13
48.40 0.72
49.41 0.83
50.42 0.55
51.43 -0.26
52.44 0.12
53.45 -0.14
54.45 0.00
55.46 -0.38
56.47 2.54
57.48 3.82
58.49 3.94
59.50 3.96
60.50 3.52
61.51 3.46
62.52 3.02
63.53 3.56
64.54 2.50
65.55 2.42
66.55 2.11
67.56 1.69
68.57 1.91
69.58 0.79
70.59 0.87
71.60 0.78
72.61 0.63
73.61 0.89
74.62 -0.02
75.63 0.04
76.64 0.00
77.65 -0.16
78.66 -0.56
79.66 0.58
80.67 1.82
81.68 2.15
82.69 2.76
83.70 2.49
84.71 2.18
85.71 1.85
86.72 1.56
87.73 1.42
88.74 1.07
89.75 0.80
90.76 0.78
91.76 0.48
92.77 0.49
93.78 1.71
94.79 2.38
95.80 3.04
96.81 2.38
97.82 2.84
98.82 2.31
99.83 2.52
100.84 1.78
101.85 2.08
102.86 1.93
103.87 1.46
104.87 1.49
105.88 1.06
106.89 0.65
107.90 0.92
108.91 0.20
109.92 0.75
110.92 0.51
111.93 0.61
112.94 0.80
113.95 0.06
114.96 0.11
115.97 0.19
116.97 0.01
117.98 0.10
118.99 -0.03
120.00 -0.60
