# Time(ns)	Amplitude
0.00 0.20
1.01 0.37
2.02 0.81
3.03 0.40
4.03 0.43
5.04 0.12
6.05 -0.01
7.06 -0.06
8.07 0.28
9.08 0.75
10.08 0.35
11.09 0.62
12.10 0.13
13.11 0.53
14.12 0.29
15.13 0.52
16.13 -0.29
17.14 0.02
18.15 0.43
19.16 0.10
20.17 1.17
21.18 7.47
22.18 9.77
23.19 10.97
24.20 10.53
25.21 10.37
26.22 9.51
27.23 8.54
28.24 7.65
29.24 7.59
30.25 6.06
31.26 6.20
32.27 4.69
33.28 3.06
34.29 2.03
35.29 0.96
36.30 0.69
37.31 0.26
38.32 0.34
39.33 0.12
40.34 -0.15
41.34 -0.58
42.35 -1.23
43.36 0.00
44.37 5.46
45.38 8.87
46.39 12.84
47.39 14.32
48.40 16.20
49.41 16.28
50.42 15.40
51.43 14.12
52.44 13.13
53.45 11.11
54.45 10.11
55.46 9.04
56.47 7.79
57.48 7.28
58.49 6.34
59.50 5.53
60.50 5.22
61.51 4.58
62.52 3.98
63.53 4.11
64.54 3.73
65.55 3.28
66.55 2.35
67.56 2.02
68.57 1.90
69.58 2.00
70.59 0.97
71.60 1.20
72.61 0.82
73.61 0.76
74.62 0.73
75.63 0.00
76.64 0.12
77.65 -0.22
78.66 -0.47
79.66 -0.12
80.67 1.50
81.68 2.62
82.69 2.45
83.70 2.21
84.71 2.32
85.71 2.17
86.72 1.72
87.73 1.88
88.74 1.99
89.75 1.56
90.76 1.98
91.76 1.54
92.77 1.79
93.78 1.26
94.79 1.26
95.80 1.62
96.81 1.23
97.82 0.54
98.82 0.77
99.83 0.21
100.84 1.06
101.85 0.21
102.86 0.11
103.87 0.30
104.87 0.92
105.88 0.01
106.89 0.08
107.90 0.08
108.91 0.40
109.92 0.21
110.92 0.39
111.93 -0.21
112.94 0.42
113.95 -0.01
114.96 0.40
115.97 -0.05
116.97 0.17
117.98 0.18
118.99 0.50
120.00 0.55
